-1.56535597745270216e+01
-1.56535597745270216e+01
-1.59545897701910029e+01
-1.53525297788630404e+01
-1.54774685154713403e+01
-1.52556197658549841e+01
-1.53525297788630404e+01
-1.56535597745270216e+01
-1.56535597745270216e+01
-1.56535597745270216e+01
-1.56535597745270216e+01
-1.56535597745270216e+01
      -inf
-1.54774685154713403e+01
      -inf
-1.56535597745270216e+01
-1.59545897701910029e+01
-1.54774685154713403e+01
-1.56535597745270216e+01
-1.56535597745270216e+01
-1.54774685154713403e+01
      -inf
-1.56535597745270216e+01
      -inf
-1.59545897701910029e+01
-1.56535597745270216e+01
-1.59545897701910029e+01
-1.59545897701910029e+01
-1.56535597745270216e+01
      -inf
-1.59545897701910029e+01
      -inf
      -inf
-1.53525297788630404e+01
-1.56535597745270216e+01
      -inf
      -inf
      -inf
-1.59545897701910029e+01
      -inf
-1.52556197658549841e+01
-1.54774685154713403e+01
-1.53525297788630404e+01
-1.53525297788630404e+01
-1.52556197658549841e+01
-1.51764385198073590e+01
-1.52556197658549841e+01
-1.53525297788630404e+01
-1.56535597745270216e+01
-1.53525297788630404e+01
-1.51094917301767460e+01
-1.54774685154713403e+01
-1.59545897701910029e+01
-1.51764385198073590e+01
-1.56535597745270216e+01
-1.53525297788630404e+01
      -inf
-1.52556197658549841e+01
-1.51764385198073590e+01
      -inf
-1.59545897701910029e+01
-1.52556197658549841e+01
-1.54774685154713403e+01
-1.52556197658549841e+01
-1.52556197658549841e+01
-1.59545897701910029e+01
-1.56535597745270216e+01
-1.56535597745270216e+01
-1.54774685154713403e+01
-1.53525297788630404e+01
-1.54774685154713403e+01
-1.53525297788630404e+01
      -inf
-1.59545897701910029e+01
-1.52556197658549841e+01
-1.59545897701910029e+01
-1.56535597745270216e+01
-1.54774685154713403e+01
-1.51764385198073590e+01
-1.59545897701910029e+01
      -inf
-1.56535597745270216e+01
-1.56535597745270216e+01
-1.53525297788630404e+01
-1.56535597745270216e+01
-1.54774685154713403e+01
-1.54774685154713403e+01
      -inf
-1.59545897701910029e+01
      -inf
-1.53525297788630404e+01
-1.59545897701910029e+01
-1.53525297788630404e+01
-1.53525297788630404e+01
      -inf
-1.56535597745270216e+01
-1.51764385198073590e+01
-1.56535597745270216e+01
-1.53525297788630404e+01
-1.54774685154713403e+01
-1.51764385198073590e+01
-1.53525297788630404e+01
-1.53525297788630404e+01
-1.56535597745270216e+01
-1.51764385198073590e+01
-1.56535597745270216e+01
-1.53525297788630404e+01
-1.53525297788630404e+01
      -inf
-1.51764385198073590e+01
-1.51764385198073590e+01
-1.51764385198073590e+01
-1.59545897701910029e+01
      -inf
-1.53525297788630404e+01
-1.56535597745270216e+01
-1.50514997831990591e+01
      -inf
-1.56535597745270216e+01
-1.53525297788630404e+01
-1.56535597745270216e+01
-1.56535597745270216e+01
      -inf
-1.51764385198073590e+01
-1.49545897701910029e+01
-1.53525297788630404e+01
-1.56535597745270216e+01
      -inf
-1.50514997831990591e+01
-1.49545897701910029e+01
-1.53525297788630404e+01
      -inf
-1.53525297788630404e+01
-1.51764385198073590e+01
-1.53525297788630404e+01
      -inf
      -inf
-1.56535597745270216e+01
-1.50514997831990591e+01
-1.50514997831990591e+01
-1.50514997831990591e+01
-1.53525297788630404e+01
-1.50514997831990591e+01
-1.48754085241433778e+01
-1.56535597745270216e+01
-1.53525297788630404e+01
-1.51764385198073590e+01
-1.53525297788630404e+01
-1.49545897701910029e+01
      -inf
-1.50514997831990591e+01
-1.50514997831990591e+01
-1.56535597745270216e+01
      -inf
-1.53525297788630404e+01
-1.53525297788630404e+01
-1.56535597745270216e+01
-1.56535597745270216e+01
-1.56535597745270216e+01
-1.51764385198073590e+01
      -inf
-1.51764385198073590e+01
-1.51764385198073590e+01
-1.50514997831990591e+01
-1.53525297788630404e+01
      -inf
-1.49545897701910029e+01
      -inf
-1.56535597745270216e+01
-1.51764385198073590e+01
-1.53525297788630404e+01
-1.49545897701910029e+01
-1.51764385198073590e+01
-1.51764385198073590e+01
-1.50514997831990591e+01
-1.50514997831990591e+01
      -inf
-1.56535597745270216e+01
-1.50514997831990591e+01
-1.53525297788630404e+01
-1.47504697875350779e+01
-1.50514997831990591e+01
-1.53525297788630404e+01
-1.53525297788630404e+01
-1.48754085241433778e+01
-1.51764385198073590e+01
-1.51764385198073590e+01
-1.51764385198073590e+01
-1.50514997831990591e+01
-1.50514997831990591e+01
-1.48084617345127647e+01
-1.49545897701910029e+01
-1.50514997831990591e+01
-1.49545897701910029e+01
-1.48754085241433778e+01
-1.50514997831990591e+01
-1.50514997831990591e+01
-1.48754085241433778e+01
-1.48084617345127647e+01
-1.48084617345127647e+01
-1.48084617345127647e+01
-1.50514997831990591e+01
-1.47504697875350779e+01
-1.49545897701910029e+01
-1.50514997831990591e+01
-1.49545897701910029e+01
-1.49545897701910029e+01
-1.48754085241433778e+01
-1.48084617345127647e+01
-1.48754085241433778e+01
-1.48754085241433778e+01
-1.49545897701910029e+01
-1.48754085241433778e+01
-1.56535597745270216e+01
-1.49545897701910029e+01
-1.50514997831990591e+01
-1.49545897701910029e+01
-1.50514997831990591e+01
-1.56535597745270216e+01
-1.48754085241433778e+01
-1.49545897701910029e+01
-1.48754085241433778e+01
-1.50514997831990591e+01
-1.48084617345127647e+01
-1.49545897701910029e+01
-1.53525297788630404e+01
-1.46121670893687963e+01
-1.48754085241433778e+01
      -inf
-1.48084617345127647e+01
-1.47504697875350779e+01
-1.48084617345127647e+01
-1.47504697875350779e+01
-1.48754085241433778e+01
-1.49545897701910029e+01
-1.48084617345127647e+01
-1.53525297788630404e+01
-1.48084617345127647e+01
-1.50514997831990591e+01
-1.51764385198073590e+01
-1.48754085241433778e+01
-1.48754085241433778e+01
-1.47504697875350779e+01
-1.47504697875350779e+01
-1.48084617345127647e+01
-1.48084617345127647e+01
-1.48754085241433778e+01
-1.51764385198073590e+01
-1.47504697875350779e+01
-1.49545897701910029e+01
-1.48084617345127647e+01
-1.48754085241433778e+01
-1.48754085241433778e+01
-1.47504697875350779e+01
-1.49545897701910029e+01
-1.49545897701910029e+01
-1.47504697875350779e+01
-1.50514997831990591e+01
-1.50514997831990591e+01
-1.51764385198073590e+01
-1.50514997831990591e+01
-1.48754085241433778e+01
-1.53525297788630404e+01
-1.47504697875350779e+01
-1.46993172650876964e+01
-1.49545897701910029e+01
-1.49545897701910029e+01
-1.48084617345127647e+01
-1.50514997831990591e+01
-1.47504697875350779e+01
-1.51764385198073590e+01
-1.47504697875350779e+01
-1.49545897701910029e+01
-1.48754085241433778e+01
-1.53525297788630404e+01
-1.49545897701910029e+01
-1.49545897701910029e+01
-1.46535597745270216e+01
-1.47504697875350779e+01
-1.51764385198073590e+01
-1.46993172650876964e+01
-1.51764385198073590e+01
-1.51764385198073590e+01
-1.48084617345127647e+01
-1.47504697875350779e+01
-1.48084617345127647e+01
-1.50514997831990591e+01
-1.48754085241433778e+01
-1.46121670893687963e+01
-1.46993172650876964e+01
-1.47504697875350779e+01
-1.48754085241433778e+01
-1.46121670893687963e+01
-1.48754085241433778e+01
-1.48084617345127647e+01
-1.48084617345127647e+01
-1.47504697875350779e+01
-1.46121670893687963e+01
-1.47504697875350779e+01
-1.50514997831990591e+01
-1.51764385198073590e+01
-1.48754085241433778e+01
-1.45743785284793965e+01
-1.49545897701910029e+01
-1.46993172650876964e+01
-1.48084617345127647e+01
-1.49545897701910029e+01
-1.45743785284793965e+01
-1.48084617345127647e+01
-1.49545897701910029e+01
-1.50514997831990591e+01
-1.48754085241433778e+01
-1.48754085241433778e+01
-1.51764385198073590e+01
-1.47504697875350779e+01
-1.51764385198073590e+01
-1.47504697875350779e+01
-1.46535597745270216e+01
-1.46535597745270216e+01
-1.45743785284793965e+01
-1.48084617345127647e+01
-1.46993172650876964e+01
-1.51764385198073590e+01
-1.46121670893687963e+01
-1.46121670893687963e+01
-1.51764385198073590e+01
-1.46993172650876964e+01
-1.48084617345127647e+01
-1.46993172650876964e+01
-1.46993172650876964e+01
-1.48754085241433778e+01
-1.49545897701910029e+01
-1.46993172650876964e+01
-1.50514997831990591e+01
-1.48754085241433778e+01
-1.47504697875350779e+01
-1.46535597745270216e+01
-1.47504697875350779e+01
-1.48084617345127647e+01
-1.46121670893687963e+01
-1.46121670893687963e+01
-1.48084617345127647e+01
-1.49545897701910029e+01
-1.46993172650876964e+01
-1.46535597745270216e+01
-1.47504697875350779e+01
-1.50514997831990591e+01
-1.45743785284793965e+01
-1.46993172650876964e+01
-1.47504697875350779e+01
-1.46535597745270216e+01
-1.51764385198073590e+01
-1.48084617345127647e+01
-1.46993172650876964e+01
-1.47504697875350779e+01
-1.45743785284793965e+01
-1.47504697875350779e+01
-1.50514997831990591e+01
-1.46993172650876964e+01
-1.47504697875350779e+01
-1.45396164222201847e+01
-1.44774685154713403e+01
-1.47504697875350779e+01
-1.48754085241433778e+01
-1.47504697875350779e+01
-1.50514997831990591e+01
-1.46993172650876964e+01
-1.45396164222201847e+01
-1.46993172650876964e+01
-1.46535597745270216e+01
-1.46535597745270216e+01
-1.46121670893687963e+01
-1.45743785284793965e+01
-1.46535597745270216e+01
-1.46993172650876964e+01
-1.46535597745270216e+01
-1.46121670893687963e+01
-1.44774685154713403e+01
-1.46993172650876964e+01
-1.46993172650876964e+01
-1.46121670893687963e+01
-1.46535597745270216e+01
-1.48084617345127647e+01
-1.45074317388487835e+01
-1.46121670893687963e+01
-1.44774685154713403e+01
-1.45743785284793965e+01
-1.44494397918710966e+01
-1.45074317388487835e+01
-1.46993172650876964e+01
-1.45074317388487835e+01
-1.46535597745270216e+01
-1.49545897701910029e+01
-1.46535597745270216e+01
-1.46121670893687963e+01
-1.47504697875350779e+01
-1.46993172650876964e+01
-1.46121670893687963e+01
-1.45396164222201847e+01
-1.45743785284793965e+01
-1.46993172650876964e+01
-1.46535597745270216e+01
-1.45396164222201847e+01
-1.45074317388487835e+01
-1.46535597745270216e+01
-1.46121670893687963e+01
-1.45396164222201847e+01
-1.45396164222201847e+01
-1.45743785284793965e+01
-1.45743785284793965e+01
-1.46121670893687963e+01
-1.46121670893687963e+01
-1.46121670893687963e+01
-1.46535597745270216e+01
-1.46121670893687963e+01
-1.46535597745270216e+01
-1.45743785284793965e+01
-1.45074317388487835e+01
-1.43748061735741928e+01
-1.44494397918710966e+01
-1.46535597745270216e+01
-1.45074317388487835e+01
-1.45743785284793965e+01
-1.45743785284793965e+01
-1.45743785284793965e+01
-1.46535597745270216e+01
-1.45074317388487835e+01
-1.45396164222201847e+01
-1.44774685154713403e+01
-1.43982872694237169e+01
-1.46121670893687963e+01
-1.46121670893687963e+01
-1.46121670893687963e+01
-1.45396164222201847e+01
-1.45396164222201847e+01
-1.45743785284793965e+01
-1.48084617345127647e+01
-1.45743785284793965e+01
-1.45743785284793965e+01
-1.45074317388487835e+01
-1.45074317388487835e+01
-1.45074317388487835e+01
-1.46535597745270216e+01
-1.45074317388487835e+01
-1.46121670893687963e+01
-1.45743785284793965e+01
-1.45743785284793965e+01
-1.43748061735741928e+01
-1.46535597745270216e+01
-1.45074317388487835e+01
-1.45396164222201847e+01
-1.44774685154713403e+01
-1.45743785284793965e+01
-1.46121670893687963e+01
-1.46535597745270216e+01
-1.45743785284793965e+01
-1.45074317388487835e+01
-1.46993172650876964e+01
-1.47504697875350779e+01
-1.46535597745270216e+01
-1.46993172650876964e+01
-1.47504697875350779e+01
-1.46121670893687963e+01
-1.45743785284793965e+01
-1.44494397918710966e+01
-1.44494397918710966e+01
-1.45743785284793965e+01
-1.45743785284793965e+01
-1.45743785284793965e+01
-1.45396164222201847e+01
-1.45743785284793965e+01
-1.47504697875350779e+01
-1.45396164222201847e+01
-1.46121670893687963e+01
-1.44231108531487475e+01
-1.46121670893687963e+01
-1.45396164222201847e+01
-1.46121670893687963e+01
-1.44231108531487475e+01
-1.45743785284793965e+01
-1.46121670893687963e+01
-1.45396164222201847e+01
-1.46121670893687963e+01
-1.45074317388487835e+01
-1.43982872694237169e+01
-1.45743785284793965e+01
-1.44774685154713403e+01
-1.45396164222201847e+01
-1.46121670893687963e+01
-1.48084617345127647e+01
-1.43748061735741928e+01
-1.45396164222201847e+01
-1.49545897701910029e+01
-1.45743785284793965e+01
-1.44774685154713403e+01
-1.45743785284793965e+01
-1.44774685154713403e+01
-1.44494397918710966e+01
-1.44774685154713403e+01
-1.44774685154713403e+01
-1.46535597745270216e+01
-1.45074317388487835e+01
-1.46535597745270216e+01
-1.45396164222201847e+01
-1.44774685154713403e+01
-1.45074317388487835e+01
-1.45743785284793965e+01
-1.46121670893687963e+01
-1.45074317388487835e+01
-1.44494397918710966e+01
-1.46121670893687963e+01
-1.46121670893687963e+01
-1.45743785284793965e+01
-1.44774685154713403e+01
-1.45074317388487835e+01
-1.44494397918710966e+01
-1.45743785284793965e+01
-1.45396164222201847e+01
-1.44494397918710966e+01
-1.46993172650876964e+01
-1.44494397918710966e+01
-1.44774685154713403e+01
-1.46535597745270216e+01
-1.47504697875350779e+01
-1.44774685154713403e+01
-1.45396164222201847e+01
-1.44774685154713403e+01
-1.45743785284793965e+01
-1.44494397918710966e+01
-1.46535597745270216e+01
-1.45074317388487835e+01
-1.46121670893687963e+01
-1.46121670893687963e+01
-1.46535597745270216e+01
-1.46121670893687963e+01
-1.45396164222201847e+01
-1.45743785284793965e+01
-1.47504697875350779e+01
-1.44774685154713403e+01
-1.44774685154713403e+01
-1.44774685154713403e+01
-1.45396164222201847e+01
-1.46535597745270216e+01
-1.45074317388487835e+01
-1.48754085241433778e+01
-1.45074317388487835e+01
-1.45074317388487835e+01
-1.44774685154713403e+01
-1.46121670893687963e+01
-1.44494397918710966e+01
-1.45396164222201847e+01
-1.45396164222201847e+01
-1.44231108531487475e+01
-1.46535597745270216e+01
-1.45743785284793965e+01
-1.45396164222201847e+01
-1.46121670893687963e+01
-1.49545897701910029e+01
-1.44494397918710966e+01
-1.44231108531487475e+01
-1.45396164222201847e+01
-1.46121670893687963e+01
-1.45396164222201847e+01
-1.46121670893687963e+01
-1.44774685154713403e+01
-1.46993172650876964e+01
-1.45396164222201847e+01
-1.46535597745270216e+01
-1.45396164222201847e+01
-1.47504697875350779e+01
-1.46993172650876964e+01
-1.45396164222201847e+01
-1.45743785284793965e+01
-1.44774685154713403e+01
-1.44231108531487475e+01
-1.45396164222201847e+01
-1.45743785284793965e+01
-1.44774685154713403e+01
-1.45743785284793965e+01
-1.45074317388487835e+01
-1.45074317388487835e+01
-1.44774685154713403e+01
-1.49545897701910029e+01
-1.45396164222201847e+01
-1.46121670893687963e+01
-1.44774685154713403e+01
-1.45396164222201847e+01
-1.44231108531487475e+01
-1.45074317388487835e+01
-1.46121670893687963e+01
-1.45743785284793965e+01
-1.45396164222201847e+01
-1.50514997831990591e+01
-1.49545897701910029e+01
-1.45074317388487835e+01
-1.46535597745270216e+01
-1.46121670893687963e+01
-1.47504697875350779e+01
-1.46993172650876964e+01
-1.46993172650876964e+01
-1.47504697875350779e+01
-1.45743785284793965e+01
-1.44231108531487475e+01
-1.46535597745270216e+01
-1.49545897701910029e+01
-1.45396164222201847e+01
-1.46121670893687963e+01
-1.46121670893687963e+01
-1.46535597745270216e+01
-1.44774685154713403e+01
-1.45743785284793965e+01
-1.44774685154713403e+01
-1.46535597745270216e+01
-1.46121670893687963e+01
-1.44494397918710966e+01
-1.44231108531487475e+01
-1.45743785284793965e+01
-1.45074317388487835e+01
-1.46993172650876964e+01
-1.45074317388487835e+01
-1.46993172650876964e+01
-1.48084617345127647e+01
-1.46121670893687963e+01
-1.43525297788630404e+01
-1.45743785284793965e+01
-1.45743785284793965e+01
-1.45396164222201847e+01
-1.45074317388487835e+01
-1.46993172650876964e+01
-1.44774685154713403e+01
-1.46993172650876964e+01
-1.45743785284793965e+01
-1.44774685154713403e+01
-1.45396164222201847e+01
-1.44231108531487475e+01
-1.45743785284793965e+01
-1.48084617345127647e+01
-1.45074317388487835e+01
-1.43748061735741928e+01
-1.45743785284793965e+01
-1.46535597745270216e+01
-1.46121670893687963e+01
-1.48084617345127647e+01
-1.45396164222201847e+01
-1.44231108531487475e+01
-1.44774685154713403e+01
-1.46993172650876964e+01
-1.47504697875350779e+01
-1.46121670893687963e+01
-1.46121670893687963e+01
-1.45396164222201847e+01
-1.45743785284793965e+01
-1.46121670893687963e+01
-1.45743785284793965e+01
-1.46535597745270216e+01
-1.45743785284793965e+01
-1.50514997831990591e+01
-1.47504697875350779e+01
-1.48754085241433778e+01
-1.45396164222201847e+01
-1.48084617345127647e+01
-1.48084617345127647e+01
-1.45074317388487835e+01
-1.46121670893687963e+01
-1.46121670893687963e+01
-1.45396164222201847e+01
-1.45396164222201847e+01
-1.46535597745270216e+01
-1.45743785284793965e+01
-1.45396164222201847e+01
-1.46535597745270216e+01
-1.45074317388487835e+01
-1.46121670893687963e+01
-1.46121670893687963e+01
-1.45396164222201847e+01
-1.48084617345127647e+01
-1.47504697875350779e+01
-1.46993172650876964e+01
-1.46121670893687963e+01
-1.46535597745270216e+01
-1.46535597745270216e+01
-1.44494397918710966e+01
-1.46121670893687963e+01
-1.46993172650876964e+01
-1.45743785284793965e+01
-1.46993172650876964e+01
-1.48754085241433778e+01
-1.45743785284793965e+01
-1.48084617345127647e+01
-1.46121670893687963e+01
-1.46993172650876964e+01
-1.46993172650876964e+01
-1.46121670893687963e+01
-1.46535597745270216e+01
-1.46121670893687963e+01
-1.48754085241433778e+01
-1.45074317388487835e+01
-1.48754085241433778e+01
-1.48084617345127647e+01
-1.45743785284793965e+01
-1.48084617345127647e+01
-1.46121670893687963e+01
-1.45396164222201847e+01
-1.48084617345127647e+01
-1.48084617345127647e+01
-1.46535597745270216e+01
-1.45074317388487835e+01
-1.46535597745270216e+01
-1.49545897701910029e+01
-1.47504697875350779e+01
-1.46993172650876964e+01
-1.45396164222201847e+01
-1.48084617345127647e+01
-1.44231108531487475e+01
-1.45743785284793965e+01
-1.45396164222201847e+01
-1.47504697875350779e+01
-1.46121670893687963e+01
-1.48084617345127647e+01
-1.51764385198073590e+01
-1.48754085241433778e+01
-1.48754085241433778e+01
-1.49545897701910029e+01
-1.45743785284793965e+01
-1.46993172650876964e+01
-1.45743785284793965e+01
-1.46121670893687963e+01
-1.44494397918710966e+01
-1.45074317388487835e+01
-1.50514997831990591e+01
-1.51764385198073590e+01
-1.44231108531487475e+01
-1.46993172650876964e+01
-1.46121670893687963e+01
-1.49545897701910029e+01
-1.47504697875350779e+01
-1.47504697875350779e+01
-1.46993172650876964e+01
-1.46121670893687963e+01
-1.46993172650876964e+01
-1.48754085241433778e+01
-1.47504697875350779e+01
-1.47504697875350779e+01
-1.45743785284793965e+01
-1.49545897701910029e+01
-1.51764385198073590e+01
-1.48754085241433778e+01
-1.51764385198073590e+01
-1.48754085241433778e+01
      -inf
-1.44494397918710966e+01
-1.48754085241433778e+01
      -inf
-1.50514997831990591e+01
-1.49545897701910029e+01
-1.51764385198073590e+01
-1.46993172650876964e+01
-1.46993172650876964e+01
-1.45743785284793965e+01
-1.50514997831990591e+01
-1.56535597745270216e+01
-1.47504697875350779e+01
-1.46121670893687963e+01
-1.46121670893687963e+01
-1.46535597745270216e+01
-1.48754085241433778e+01
-1.48754085241433778e+01
-1.56535597745270216e+01
-1.47504697875350779e+01
-1.46993172650876964e+01
-1.47504697875350779e+01
-1.50514997831990591e+01
-1.45743785284793965e+01
-1.53525297788630404e+01
-1.48754085241433778e+01
-1.46993172650876964e+01
-1.51764385198073590e+01
-1.48084617345127647e+01
-1.47504697875350779e+01
-1.46993172650876964e+01
-1.48754085241433778e+01
-1.48754085241433778e+01
-1.45396164222201847e+01
-1.53525297788630404e+01
-1.51764385198073590e+01
-1.51764385198073590e+01
-1.50514997831990591e+01
-1.53525297788630404e+01
-1.48754085241433778e+01
-1.48754085241433778e+01
-1.51764385198073590e+01
-1.45396164222201847e+01
-1.49545897701910029e+01
-1.49545897701910029e+01
-1.51764385198073590e+01
-1.48754085241433778e+01
-1.49545897701910029e+01
-1.47504697875350779e+01
-1.46993172650876964e+01
      -inf
-1.47504697875350779e+01
      -inf
-1.46993172650876964e+01
-1.48754085241433778e+01
-1.56535597745270216e+01
-1.47504697875350779e+01
-1.49545897701910029e+01
-1.48084617345127647e+01
-1.49545897701910029e+01
-1.46535597745270216e+01
      -inf
-1.48084617345127647e+01
-1.51764385198073590e+01
-1.53525297788630404e+01
-1.54774685154713403e+01
-1.48754085241433778e+01
-1.53525297788630404e+01
      -inf
-1.51764385198073590e+01
-1.48084617345127647e+01
-1.53525297788630404e+01
-1.47504697875350779e+01
-1.49545897701910029e+01
-1.50514997831990591e+01
-1.48754085241433778e+01
-1.49545897701910029e+01
-1.45743785284793965e+01
-1.56535597745270216e+01
-1.46121670893687963e+01
-1.50514997831990591e+01
-1.56535597745270216e+01
-1.48754085241433778e+01
-1.48754085241433778e+01
-1.51764385198073590e+01
-1.53525297788630404e+01
      -inf
-1.56535597745270216e+01
      -inf
-1.49545897701910029e+01
-1.48084617345127647e+01
-1.48754085241433778e+01
      -inf
-1.56535597745270216e+01
-1.47504697875350779e+01
-1.48754085241433778e+01
-1.51764385198073590e+01
-1.51764385198073590e+01
-1.50514997831990591e+01
-1.50514997831990591e+01
-1.46993172650876964e+01
      -inf
-1.48754085241433778e+01
-1.51764385198073590e+01
-1.59545897701910029e+01
-1.51764385198073590e+01
      -inf
      -inf
      -inf
-1.56535597745270216e+01
-1.52556197658549841e+01
-1.53525297788630404e+01
-1.50514997831990591e+01
      -inf
-1.50514997831990591e+01
-1.48754085241433778e+01
-1.48754085241433778e+01
      -inf
-1.53525297788630404e+01
-1.48754085241433778e+01
-1.48406464178841659e+01
-1.51764385198073590e+01
-1.51764385198073590e+01
-1.48754085241433778e+01
      -inf
-1.48754085241433778e+01
-1.51764385198073590e+01
-1.50514997831990591e+01
      -inf
      -inf
      -inf
-1.50514997831990591e+01
-1.49545897701910029e+01
-1.56535597745270216e+01
-1.49545897701910029e+01
-1.49545897701910029e+01
-1.51764385198073590e+01
-1.51764385198073590e+01
-1.50514997831990591e+01
      -inf
      -inf
-1.48084617345127647e+01
      -inf
-1.50514997831990591e+01
      -inf
-1.56535597745270216e+01
      -inf
-1.56535597745270216e+01
-1.51764385198073590e+01
-1.50514997831990591e+01
-1.50514997831990591e+01
-1.50514997831990591e+01
-1.48084617345127647e+01
      -inf
      -inf
      -inf
-1.53525297788630404e+01
-1.48754085241433778e+01
-1.50514997831990591e+01
-1.54774685154713403e+01
-1.50003472607516777e+01
-1.56535597745270216e+01
-1.54774685154713403e+01
      -inf
-1.51764385198073590e+01
-1.47504697875350779e+01
-1.50003472607516777e+01
      -inf
-1.53525297788630404e+01
-1.48754085241433778e+01
      -inf
      -inf
      -inf
-1.48084617345127647e+01
      -inf
      -inf
-1.51094917301767460e+01
-1.50514997831990591e+01
      -inf
      -inf
      -inf
-1.51764385198073590e+01
-1.51094917301767460e+01
-1.53525297788630404e+01
-1.50514997831990591e+01
      -inf
      -inf
-1.56535597745270216e+01
-1.47241408488127288e+01
-1.48754085241433778e+01
      -inf
-1.51764385198073590e+01
      -inf
-1.47784985111353215e+01
      -inf
      -inf
-1.48754085241433778e+01
-1.51764385198073590e+01
      -inf
      -inf
      -inf
-1.56535597745270216e+01
-1.49545897701910029e+01
-1.48406464178841659e+01
-1.56535597745270216e+01
-1.50003472607516777e+01
-1.56535597745270216e+01
      -inf
-1.47784985111353215e+01
-1.48406464178841659e+01
-1.56535597745270216e+01
-1.53525297788630404e+01
-1.47241408488127288e+01
-1.50514997831990591e+01
      -inf
      -inf
-1.52556197658549841e+01
-1.46993172650876964e+01
      -inf
      -inf
-1.54774685154713403e+01
-1.51764385198073590e+01
-1.50003472607516777e+01
      -inf
-1.49131970850327775e+01
-1.51764385198073590e+01
-1.48084617345127647e+01
-1.46758361692381740e+01
-1.51764385198073590e+01
-1.48084617345127647e+01
-1.51094917301767460e+01
-1.48754085241433778e+01
-1.49131970850327775e+01
-1.46758361692381740e+01
      -inf
      -inf
-1.49131970850327775e+01
-1.53525297788630404e+01
-1.45928619341734098e+01
-1.51094917301767460e+01
-1.56535597745270216e+01
-1.47241408488127288e+01
-1.54774685154713403e+01
      -inf
-1.51764385198073590e+01
-1.51764385198073590e+01
-1.53525297788630404e+01
-1.51764385198073590e+01
-1.51764385198073590e+01
      -inf
      -inf
