0.00000000000000000e+00 
2.00000000000000011e-01 
4.00000000000000022e-01 
5.99999999999999978e-01 
8.00000000000000044e-01 
1.00000000000000000e+00 
1.19999999999999996e+00 
1.40000000000000013e+00 
1.60000000000000009e+00 
1.80000000000000004e+00 
2.00000000000000000e+00 
2.20000000000000018e+00 
2.39999999999999991e+00 
2.60000000000000009e+00 
2.80000000000000027e+00 
3.00000000000000000e+00 
3.20000000000000018e+00 
3.39999999999999991e+00 
3.60000000000000009e+00 
3.80000000000000027e+00 
4.00000000000000000e+00 
4.20000000000000018e+00 
4.40000000000000036e+00 
4.60000000000000053e+00 
4.79999999999999982e+00 
5.00000000000000000e+00 
5.20000000000000018e+00 
5.40000000000000036e+00 
5.60000000000000053e+00 
5.79999999999999982e+00 
6.00000000000000000e+00 
6.20000000000000018e+00 
6.40000000000000036e+00 
6.60000000000000053e+00 
6.79999999999999982e+00 
7.00000000000000000e+00 
7.20000000000000018e+00 
7.40000000000000036e+00 
7.60000000000000053e+00 
7.79999999999999982e+00 
8.00000000000000000e+00 
8.19999999999999929e+00 
8.40000000000000036e+00 
8.59999999999999964e+00 
8.80000000000000071e+00 
9.00000000000000000e+00 
9.20000000000000107e+00 
9.40000000000000036e+00 
9.59999999999999964e+00 
9.80000000000000071e+00 
1000 
 1.00000000000000002e-02
