-1.56535597745270216e+01
-1.56535597745270216e+01
      -inf
      -inf
      -inf
      -inf
-1.56535597745270216e+01
      -inf
      -inf
-1.53525297788630404e+01
-1.56535597745270216e+01
-1.56535597745270216e+01
-1.56535597745270216e+01
      -inf
-1.56535597745270216e+01
-1.56535597745270216e+01
      -inf
      -inf
      -inf
-1.56535597745270216e+01
      -inf
      -inf
-1.59545897701910029e+01
-1.59545897701910029e+01
-1.56535597745270216e+01
-1.56535597745270216e+01
-1.54774685154713403e+01
-1.54774685154713403e+01
-1.53525297788630404e+01
-1.53525297788630404e+01
-1.53525297788630404e+01
-1.52556197658549841e+01
-1.51764385198073590e+01
-1.51764385198073590e+01
-1.52556197658549841e+01
-1.50514997831990591e+01
-1.50003472607516777e+01
-1.50003472607516777e+01
-1.50514997831990591e+01
-1.50003472607516777e+01
-1.49545897701910029e+01
-1.49545897701910029e+01
-1.50003472607516777e+01
-1.50003472607516777e+01
-1.48754085241433778e+01
-1.49545897701910029e+01
-1.48754085241433778e+01
-1.49545897701910029e+01
-1.48754085241433778e+01
-1.48754085241433778e+01
-1.48754085241433778e+01
-1.49131970850327775e+01
-1.48754085241433778e+01
-1.49545897701910029e+01
-1.48754085241433778e+01
-1.48406464178841659e+01
-1.48084617345127647e+01
-1.48084617345127647e+01
-1.48754085241433778e+01
-1.48084617345127647e+01
-1.47784985111353215e+01
-1.48084617345127647e+01
-1.47504697875350779e+01
-1.47504697875350779e+01
-1.48084617345127647e+01
-1.47784985111353215e+01
-1.47784985111353215e+01
-1.47504697875350779e+01
-1.47504697875350779e+01
-1.46758361692381740e+01
-1.46758361692381740e+01
-1.47241408488127288e+01
-1.46993172650876964e+01
-1.47504697875350779e+01
-1.46758361692381740e+01
-1.46993172650876964e+01
-1.46758361692381740e+01
-1.46535597745270216e+01
-1.46535597745270216e+01
-1.46535597745270216e+01
-1.46121670893687963e+01
-1.45928619341734098e+01
-1.46323704754570834e+01
-1.45743785284793965e+01
-1.45928619341734098e+01
-1.45743785284793965e+01
-1.46121670893687963e+01
-1.45743785284793965e+01
-1.45396164222201847e+01
-1.45396164222201847e+01
-1.45074317388487835e+01
-1.45396164222201847e+01
-1.45396164222201847e+01
-1.44921917722920472e+01
-1.45396164222201847e+01
-1.45074317388487835e+01
-1.44774685154713403e+01
-1.44774685154713403e+01
-1.44494397918710966e+01
-1.44360758303131167e+01
-1.44494397918710966e+01
-1.44231108531487475e+01
-1.44360758303131167e+01
-1.43982872694237169e+01
-1.44231108531487475e+01
-1.44231108531487475e+01
-1.44105217258407272e+01
-1.44105217258407272e+01
-1.43982872694237169e+01
-1.43635251631645033e+01
-1.43748061735741928e+01
-1.43525297788630404e+01
-1.43982872694237169e+01
-1.43635251631645033e+01
-1.43418059134712674e+01
-1.43525297788630404e+01
-1.43313404797931021e+01
-1.43211213146114176e+01
-1.43111370937048168e+01
-1.43313404797931021e+01
-1.43211213146114176e+01
-1.43111370937048168e+01
-1.43313404797931021e+01
-1.42918319385094286e+01
-1.42918319385094286e+01
-1.42918319385094286e+01
-1.42470195940930662e+01
-1.42556197658549841e+01
-1.42733485328154153e+01
-1.42556197658549841e+01
-1.42470195940930662e+01
-1.42142270806967588e+01
-1.42221960103680356e+01
-1.42385864265562034e+01
-1.42221960103680356e+01
-1.42142270806967588e+01
-1.42221960103680356e+01
-1.41987149145185114e+01
-1.41911617766280660e+01
-1.41911617766280660e+01
-1.41764385198073590e+01
-1.41911617766280660e+01
-1.41764385198073590e+01
-1.41764385198073590e+01
-1.41621980806927503e+01
-1.41621980806927503e+01
-1.41484097962071154e+01
-1.41764385198073590e+01
-1.41484097962071154e+01
-1.41285149674901778e+01
-1.41350458346491354e+01
-1.41416764135481472e+01
-1.41157406794537472e+01
-1.41094917301767460e+01
-1.41220808574847663e+01
-1.41033314214719283e+01
-1.41094917301767460e+01
-1.40972572737597357e+01
-1.40853580504600266e+01
-1.41033314214719283e+01
-1.40737761779102115e+01
-1.40795285067993028e+01
-1.40853580504600266e+01
-1.40795285067993028e+01
-1.40624951675005221e+01
-1.40514997831990591e+01
-1.40569626789005611e+01
-1.40407759178072862e+01
-1.40461047513123543e+01
-1.40303104841291209e+01
-1.40407759178072862e+01
-1.40251708444767100e+01
-1.40200913189474363e+01
-1.40200913189474363e+01
-1.40150705175723846e+01
-1.40101070980408355e+01
-1.40003472607516777e+01
-1.40003472607516777e+01
-1.39908019428454473e+01
-1.39908019428454473e+01
-1.39814619165913054e+01
-1.39814619165913054e+01
-1.39768661649021553e+01
-1.39723185371514358e+01
-1.39723185371514358e+01
-1.39633636944985078e+01
-1.39633636944985078e+01
-1.39545897701910029e+01
-1.39502683964083616e+01
-1.39545897701910029e+01
-1.39459895984290849e+01
-1.39459895984290849e+01
-1.39252059925057932e+01
-1.39334004711210646e+01
-1.39292839049262334e+01
-1.39292839049262334e+01
-1.39252059925057932e+01
-1.39292839049262334e+01
-1.38901317809640847e+01
-1.39092667914043453e+01
-1.38976849188545302e+01
-1.38976849188545302e+01
-1.38976849188545302e+01
-1.38976849188545302e+01
-1.38827077628848787e+01
-1.38976849188545302e+01
-1.38827077628848787e+01
-1.38682299395162545e+01
-1.38718043998745539e+01
-1.38611680850287691e+01
-1.38646846587516048e+01
-1.38507860492350456e+01
-1.38542192250734413e+01
-1.38406464178841659e+01
-1.38340158389851542e+01
-1.38440000598917550e+01
-1.38373184745352393e+01
-1.38340158389851542e+01
-1.38210508618207850e+01
-1.38242560016959981e+01
-1.38178692030345971e+01
-1.38210508618207850e+01
-1.38147106837897660e+01
-1.38053706575356241e+01
-1.38084617345127647e+01
-1.38023014258079471e+01
-1.38023014258079471e+01
-1.37962272780957544e+01
-1.37843280547960454e+01
-1.37872724354428264e+01
-1.37902369144065666e+01
-1.37843280547960454e+01
-1.37784985111353215e+01
-1.37784985111353215e+01
-1.37670690493545411e+01
-1.37670690493545411e+01
-1.37642580720207111e+01
-1.37614651718365426e+01
-1.37559326832365816e+01
-1.37477638941591529e+01
-1.37450747556483730e+01
-1.37477638941591529e+01
-1.37424021657870448e+01
-1.37397459221433049e+01
-1.37344816821509479e+01
-1.37318732990434196e+01
-1.37344816821509479e+01
-1.37267030655773290e+01
-1.37140405219084034e+01
-1.37190613232834551e+01
-1.37165436670622078e+01
-1.37090771023768543e+01
-1.37140405219084034e+01
-1.37041697678821102e+01
-1.36993172650876964e+01
-1.36945183822059278e+01
-1.36945183822059278e+01
-1.36874180417879892e+01
-1.36850768259730877e+01
-1.36804319209273242e+01
-1.36850768259730877e+01
-1.36804319209273242e+01
-1.36712885414874545e+01
-1.36735564029432766e+01
-1.36712885414874545e+01
-1.36579245799294728e+01
-1.36623336988345265e+01
-1.36579245799294728e+01
-1.36623336988345265e+01
-1.36557366937812965e+01
-1.36535597745270216e+01
-1.36492384007443803e+01
-1.36407225498218505e+01
-1.36386194247340864e+01
-1.36365264352282409e+01
-1.36282539092622521e+01
-1.36282539092622521e+01
-1.36282539092622521e+01
-1.36221513102753988e+01
-1.36221513102753988e+01
-1.36161332765863978e+01
-1.36121670893687963e+01
-1.36121670893687963e+01
-1.36062849071428431e+01
-1.36062849071428431e+01
-1.36082367957403640e+01
-1.35985639129978804e+01
-1.35909777902988598e+01
-1.35966549231905489e+01
-1.35909777902988598e+01
-1.35835219079192679e+01
-1.35928619341734098e+01
-1.35780128131344906e+01
-1.35743785284793965e+01
-1.35743785284793965e+01
-1.35761918692428658e+01
-1.35707744042105727e+01
-1.35654236858264703e+01
-1.35671999438522732e+01
-1.35636546630876236e+01
-1.35566497615189654e+01
-1.35531892294094600e+01
-1.35480495897570474e+01
-1.35497560535710662e+01
-1.35463498048791546e+01
-1.35463498048791546e+01
-1.35429700642277737e+01
-1.35396164222201847e+01
-1.35362884788712581e+01
-1.35297081335599358e+01
-1.35313438962541959e+01
-1.35280785088264288e+01
-1.35280785088264288e+01
-1.35184271231502482e+01
-1.35168392073706158e+01
-1.35168392073706158e+01
-1.35168392073706158e+01
-1.35105449742729267e+01
-1.35043406618716428e+01
-1.35043406618716428e+01
-1.35012714301439658e+01
-1.34982237370619611e+01
-1.34997449101824927e+01
-1.34921917722920472e+01
-1.34877221498368947e+01
-1.34877221498368947e+01
-1.34862424397788452e+01
-1.34832980591320641e+01
-1.34789185818665729e+01
-1.34731471416886990e+01
-1.34774685154713403e+01
-1.34717161865822490e+01
-1.34660390536905599e+01
-1.34688683437094241e+01
-1.34688683437094241e+01
-1.34632280763567298e+01
-1.34604351761725614e+01
-1.34632280763567298e+01
-1.34562792164014020e+01
-1.34549026875726003e+01
-1.34521626502065708e+01
-1.34453872478598999e+01
-1.34427064092121284e+01
-1.34440447599843917e+01
-1.34373938722410298e+01
-1.34360758303131167e+01
-1.34360758303131167e+01
-1.34347617764152840e+01
-1.34256730699133477e+01
-1.34243900719879203e+01
-1.34205636641348676e+01
-1.34218353911985062e+01
-1.34167706751177285e+01
-1.34155136713982266e+01
-1.34167706751177285e+01
-1.34105217258407272e+01
-1.34043614171359096e+01
-1.34055865081652161e+01
-1.34043614171359096e+01
-1.34031397722181289e+01
-1.33958811996578380e+01
-1.33982872694237169e+01
-1.33934883865419465e+01
-1.33911086847965919e+01
-1.33863880461240079e+01
-1.33899237059389140e+01
-1.33840468303091065e+01
-1.33817181679905239e+01
-1.33782484199852103e+01
-1.33748061735741928e+01
-1.33770979703537787e+01
-1.33759505602229307e+01
-1.33668788051720924e+01
-1.33680024655192486e+01
-1.33635251631645033e+01
-1.33579926745645423e+01
-1.33547066981173153e+01
-1.33568945842654916e+01
-1.33525297788630404e+01
-1.33536168745042545e+01
-1.33471347469763355e+01
-1.33503637171065339e+01
-1.33449953609657825e+01
-1.33471347469763355e+01
-1.33439296071011242e+01
-1.33396925541578693e+01
-1.33334134884159674e+01
-1.33344537152172453e+01
-1.33323757472247078e+01
-1.33282494028159615e+01
-1.33292773192293303e+01
-1.33231460011778307e+01
-1.33191060233760918e+01
-1.33191060233760918e+01
-1.33171000406784934e+01
-1.33151032809224166e+01
-1.33121252499488811e+01
-1.33111370937048168e+01
-1.33081860439679343e+01
-1.33072068000763828e+01
-1.33033117561928602e+01
-1.33013772564156589e+01
-1.32975339173338991e+01
-1.32975339173338991e+01
-1.32946735701211534e+01
-1.32908888448013549e+01
-1.32880717896361222e+01
-1.32871368173010502e+01
-1.32824919122552867e+01
-1.32852728896248919e+01
-1.32843439171168800e+01
-1.32797286294531922e+01
-1.32769828174705093e+01
-1.32769828174705093e+01
-1.32697444085465914e+01
-1.32715427319521542e+01
-1.32670608089763693e+01
-1.32661699481882920e+01
-1.32643936901624890e+01
-1.32626246674236423e+01
-1.32599845712574353e+01
-1.32582333814576714e+01
-1.32538860530459832e+01
-1.32564892245676127e+01
-1.32504392533512050e+01
-1.32478719878542446e+01
-1.32504392533512050e+01
-1.32478719878542446e+01
-1.32419400685637925e+01
-1.32436266511957275e+01
-1.32394224123425452e+01
-1.32377520468914796e+01
-1.32360880813237287e+01
-1.32319558476571917e+01
-1.32303139005902146e+01
-1.32294952491095348e+01
-1.32254249804982340e+01
-1.32238074945246140e+01
-1.32230010050042655e+01
-1.32166024438575729e+01
-1.32158092117066346e+01
-1.32181932679143603e+01
-1.32142270806967588e+01
-1.32126506924618052e+01
-1.32102967870683266e+01
-1.32110800054625734e+01
-1.32033106662076616e+01
-1.32033106662076616e+01
-1.32002414344799845e+01
-1.31987149145185114e+01
-1.31956778777930293e+01
-1.31971937413979798e+01
-1.31956778777930293e+01
-1.31941672867677919e+01
-1.31926619317704734e+01
-1.31874339041088238e+01
-1.31837377585488600e+01
-1.31822680634680829e+01
-1.31822680634680829e+01
-1.31778885862025916e+01
-1.31778885862025916e+01
-1.31764385198073590e+01
-1.31764385198073590e+01
-1.31699724775581277e+01
-1.31685485599484497e+01
-1.31699724775581277e+01
-1.31664213990498364e+01
-1.31664213990498364e+01
-1.31621980806927503e+01
-1.31594051805085801e+01
-1.31545604109468695e+01
-1.31559391247457338e+01
-1.31525005123092704e+01
-1.31511326545425895e+01
-1.31490889120326031e+01
-1.31497690914698406e+01
-1.31470547421221493e+01
-1.31457039028311904e+01
-1.31416764135481472e+01
-1.31416764135481472e+01
-1.31390120218667352e+01
-1.31363638765770485e+01
-1.31343883107053632e+01
-1.31330762417862310e+01
-1.31291636524231805e+01
-1.31291636524231805e+01
-1.31272204971371789e+01
-1.31265747059670268e+01
-1.31220808574847663e+01
-1.31214426582782178e+01
-1.31214426582782178e+01
-1.31176330331314528e+01
-1.31151117228168044e+01
-1.31119805305804409e+01
-1.31113569920929933e+01
-1.31088717522243439e+01
-1.31076344451711790e+01
-1.31070171110488918e+01
-1.31045565125012349e+01
-1.31045565125012349e+01
-1.31002837283899236e+01
-1.30990706145232032e+01
-1.30972572737597357e+01
-1.30942517636200098e+01
-1.30924583908779670e+01
-1.30930553593319647e+01
-1.30900786891326106e+01
-1.30888937102749328e+01
-1.30841858649119764e+01
-1.30859453317961769e+01
-1.30795285067993028e+01
-1.30806881723265427e+01
-1.30772184243212291e+01
-1.30772184243212291e+01
-1.30754938906909306e+01
-1.30732051134204301e+01
-1.30709283350373866e+01
-1.30680990450185206e+01
-1.30669724698552674e+01
-1.30647280489328157e+01
-1.30636101732013152e+01
-1.30624951675005221e+01
-1.30602737075065640e+01
-1.30580635527014479e+01
-1.30569626789005611e+01
-1.30553165828733988e+01
-1.30525868788402732e+01
-1.30514997831990591e+01
-1.30504154019068395e+01
-1.30461047513123543e+01
-1.30461047513123543e+01
-1.30439653653018013e+01
-1.30428996114371429e+01
-1.30407759178072862e+01
-1.30365594334061239e+01
-1.30386625584938880e+01
-1.30355116778149291e+01
-1.30339447687842149e+01
-1.30313457515607265e+01
-1.30292776786913542e+01
-1.30297937743930916e+01
-1.30256820799470514e+01
-1.30246602101064148e+01
-1.30236407390234810e+01
-1.30226236554628301e+01
-1.30200913189474363e+01
-1.30195866187373479e+01
-1.30160700450145121e+01
-1.30145716151833408e+01
-1.30140732852584353e+01
-1.30096138617789556e+01
-1.30086290666134339e+01
-1.30071560483039530e+01
-1.30061768044124015e+01
-1.30032522513950859e+01
-1.30022817605288790e+01
-1.29998649792119405e+01
-1.29974615725141902e+01
-1.29965039216699179e+01
-1.29950713932180051e+01
-1.29941189926567038e+01
-1.29926942965231529e+01
-1.29908019428454473e+01
-1.29879787835090692e+01
-1.29870417939721410e+01
-1.29856400892096602e+01
-1.29842428939609107e+01
-1.29823869318119396e+01
-1.29782397911877307e+01
-1.29796177758929350e+01
-1.29745863986072578e+01
-1.29768661649021553e+01
-1.29732242611124597e+01
-1.29718663825224585e+01
-1.29741318779149033e+01
-1.29687144128826102e+01
-1.29669235052647291e+01
-1.29660308133123880e+01
-1.29651399525243107e+01
-1.29620362523588675e+01
-1.29602726175213672e+01
-1.29585161157057271e+01
-1.29572033857936901e+01
-1.29545897701910029e+01
-1.29554592289036314e+01
-1.29537220486597757e+01
-1.29494092576872237e+01
-1.29485518151936869e+01
-1.29455640281040925e+01
-1.29459895984290849e+01
-1.29425966555317462e+01
-1.29413311049074871e+01
-1.29409100728998112e+01
-1.29392300147817885e+01
-1.29400692314330801e+01
-1.29363054617644728e+01
-1.29358892715247595e+01
-1.29317491593144762e+01
-1.29309258519932104e+01
-1.29301041024918373e+01
-1.29276481422319733e+01
-1.29260185174984663e+01
-1.29231813059393801e+01
-1.29223740668930223e+01
-1.29195604879886350e+01
-1.29203625094204533e+01
-1.29179608748288430e+01
-1.29159696082413014e+01
-1.29139874300769311e+01
-1.29124081756752371e+01
-1.29100500097985922e+01
-1.29100500097985922e+01
-1.29080946058562951e+01
-1.29065365970753945e+01
-1.29053717475208209e+01
-1.29022806705436803e+01
-1.29018958282660350e+01
-1.28999767156341161e+01
-1.28980660461119037e+01
-1.28976849188545302e+01
-1.28957842835150966e+01
-1.28923839613712907e+01
-1.28908812107995860e+01
-1.28908812107995860e+01
-1.28897575504524298e+01
-1.28882638448289661e+01
-1.28871469274146229e+01
-1.28841824484508845e+01
-1.28834444797399197e+01
-1.28812380678041016e+01
-1.28790428087984719e+01
-1.28779493265206622e+01
-1.28757705870921555e+01
-1.28750467627880969e+01
-1.28725228359058903e+01
-1.28703710834517651e+01
-1.28718043998745539e+01
-1.28678741062461217e+01
-1.28682299395162545e+01
-1.28657452074639984e+01
-1.28646846587516048e+01
-1.28639790623625974e+01
-1.28611680850287691e+01
-1.28611680850287691e+01
-1.28583751848445988e+01
-1.28562922336963066e+01
-1.28552544925050451e+01
-1.28531864196356729e+01
-1.28521560645096677e+01
-1.28504442196369943e+01
-1.28504442196369943e+01
-1.28473798005431341e+01
-1.28480589163686219e+01
-1.28440000598917550e+01
-1.28423200017737322e+01
-1.28413150777266534e+01
-1.28403124736294174e+01
-1.28379820262027557e+01
-1.28376501236402483e+01
-1.28366559351513612e+01
-1.28346743599330129e+01
-1.28320462461222498e+01
-1.28304117147163286e+01
-1.28297596207771445e+01
-1.28294339406104729e+01
-1.28261905014731976e+01
-1.28242560016959981e+01
-1.28223300806599596e+01
-1.28216900002465213e+01
-1.28188212556231811e+01
-1.28185036728069051e+01
-1.28172356588202696e+01
-1.28172356588202696e+01
-1.28153405526193964e+01
-1.28131399967905359e+01
-1.28103269964290121e+01
-1.28084617345127647e+01
-1.28097043519038607e+01
-1.28072226623972174e+01
-1.28059871153849105e+01
-1.28035265168372536e+01
-1.28029135393439564e+01
-1.28023014258079471e+01
-1.27989501364312268e+01
-1.27986467522191667e+01
-1.27965289762543986e+01
-1.27947219230984359e+01
-1.27938212083298755e+01
-1.27908322462090478e+01
-1.27890486934686312e+01
-1.27890486934686312e+01
-1.27881596563477213e+01
-1.27866819601895241e+01
-1.27849153361321957e+01
-1.27831558692479952e+01
-1.27831558692479952e+01
-1.27811121267380088e+01
-1.27779198375228535e+01
-1.27779198375228535e+01
-1.27764765178763717e+01
-1.27744638950269493e+01
-1.27727461822462303e+01
-1.27718898668549610e+01
-1.27698983393734053e+01
-1.27687644105780418e+01
-1.27662238441278557e+01
-1.27662238441278557e+01
-1.27645383524317975e+01
-1.27620223168544573e+01
-1.27614651718365426e+01
-1.27603530214671750e+01
-1.27592437118425845e+01
-1.27556579002587949e+01
-1.27542865872094175e+01
-1.27548345929375291e+01
-1.27531926458705520e+01
-1.27515568831762920e+01
-1.27499272584427850e+01
-1.27483037257785714e+01
-1.27466862398049514e+01
-1.27466862398049514e+01
-1.27450747556483730e+01
-1.27429353696378200e+01
-1.27408064708556985e+01
-1.27402758727666043e+01
-1.27386879569869720e+01
-1.27365797272066406e+01
-1.27355294377421426e+01
-1.27334364482362989e+01
-1.27321334335117573e+01
-1.27308343165337625e+01
-1.27303157558967452e+01
-1.27279898649836465e+01
-1.27274746876018785e+01
-1.27256763641963158e+01
-1.27251639222703083e+01
-1.27226107433594997e+01
-1.27218477074702658e+01
-1.27205789526038249e+01
-1.27183044927429751e+01
-1.27167947769170802e+01
-1.27165436670622078e+01
-1.27130432895944541e+01
-1.27135416195193596e+01
-1.27127943388958045e+01
-1.27105601811609823e+01
-1.27085838661149744e+01
-1.27075990709494544e+01
-1.27058810345900852e+01
-1.27053914127998908e+01
-1.27031949201508993e+01
-1.27014941843419713e+01
-1.27002834378597171e+01
-1.26998000827937929e+01
-1.26988349835479593e+01
-1.26969111953218192e+01
-1.26933269013985104e+01
-1.26935649361986052e+01
-1.26926135787931909e+01
-1.26902442631409116e+01
-1.26893001443301738e+01
-1.26878878033069160e+01
-1.26860117983081597e+01
-1.26850768259730877e+01
-1.26836781307805229e+01
-1.26818201836392443e+01
-1.26813569361479583e+01
-1.26785877802289537e+01
-1.26785877802289537e+01
-1.26774391562272069e+01
-1.26753792575896078e+01
-1.26735564029432766e+01
-1.26715147954555309e+01
-1.26710624053293088e+01
-1.26703847024892085e+01
-1.26685826481115296e+01
-1.26681333004440209e+01
-1.26658935096007479e+01
-1.26650008176484068e+01
-1.26625553341962664e+01
-1.26614482867400717e+01
-1.26610062566948862e+01
-1.26592426218573859e+01
-1.26570481023728441e+01
-1.26557366937812965e+01
-1.26553004361033228e+01
-1.26548646162153666e+01
-1.26518260617180225e+01
-1.26505303039734045e+01
-1.26496686082901117e+01
-1.26488086189360214e+01
-1.26473077231576578e+01
-1.26449596027651054e+01
-1.26445340324401112e+01
-1.26432598178872109e+01
-1.26415666598677650e+01
-1.26396697141985843e+01
-1.26384096712975502e+01
-1.26373624210145827e+01
-1.26344434840799487e+01
-1.26354837108812266e+01
-1.26331984918793143e+01
-1.26311314033415361e+01
-1.26305131904515164e+01
-1.26290741068278560e+01
-1.26274352577815723e+01
-1.26262101667522657e+01
-1.26245820693182438e+01
-1.26237703036951672e+01
-1.26227577257547541e+01
-1.26217475031966515e+01
-1.26197340805737124e+01
-1.26179299467365826e+01
-1.26169308791648618e+01
-1.26153371361583044e+01
-1.26149396125773201e+01
-1.26137492203786721e+01
-1.26121670893687963e+01
-1.26103940543195687e+01
-1.26092160396319155e+01
-1.26068695531569652e+01
-1.26057010471195650e+01
-1.26039541619320499e+01
-1.26033734248516609e+01
-1.26016358584809165e+01
-1.26004813310436017e+01
-1.25985639129978804e+01
-1.25966549231905489e+01
-1.25949439775164613e+01
-1.25949439775164613e+01
-1.25943751568956515e+01
-1.25921072954398294e+01
-1.25913539657073095e+01
-1.25891017853001035e+01
-1.25887275547884485e+01
-1.25872338491649849e+01
-1.25857452633651814e+01
-1.25842617624114936e+01
-1.25835219079192679e+01
-1.25814937831122755e+01
-1.25809422979817853e+01
-1.25791090555724310e+01
-1.25776480130442447e+01
-1.25769193308566809e+01
-1.25743785284793965e+01
-1.25732941471871769e+01
-1.25725727276161354e+01
-1.25714928402419091e+01
-1.25696989736604490e+01
-1.25689834965926917e+01
-1.25679124862301652e+01
-1.25661333174907366e+01
-1.25650693043446253e+01
-1.25640078916405677e+01
-1.25615413037742254e+01
-1.25608391298429236e+01
-1.25596130506364396e+01
-1.25576933210484789e+01
-1.25566497615189654e+01
-1.25552622380323253e+01
-1.25545701351258447e+01
-1.25533616026928900e+01
-1.25521564239716916e+01
-1.25497560535710662e+01
-1.25478793115812142e+01
-1.25473688772636063e+01
-1.25456717493442227e+01
-1.25443188059388184e+01
-1.25433068571736186e+01
-1.25428017656471340e+01
-1.25409547729924480e+01
-1.25386153588144378e+01
-1.25386153588144378e+01
-1.25367860475511232e+01
-1.25356259394873799e+01
-1.25346340217012457e+01
-1.25329858433211729e+01
-1.25316717894233403e+01
-1.25297081335599358e+01
-1.25290555496927407e+01
-1.25271036610952180e+01
-1.25267791975150136e+01
-1.25248374901885953e+01
-1.25233868856344870e+01
-1.25232260060320169e+01
-1.25208199362661379e+01
-1.25197016493236877e+01
-1.25185862345211074e+01
-1.25171563263930317e+01
-1.25155730418034903e+01
-1.25143105569554152e+01
-1.25130517314888419e+01
-1.25114833134537378e+01
-1.25102326445349750e+01
-1.25094528014776998e+01
-1.25080526031173598e+01
-1.25068117608963831e+01
-1.25057289245835630e+01
-1.25040327607726738e+01
-1.25024965211732724e+01
-1.25011185364680681e+01
-1.25002023030440483e+01
-1.24991358014123755e+01
-1.24967078734570105e+01
-1.24964053346207411e+01
-1.24947451278027959e+01
-1.24936919274344547e+01
-1.24918923620892866e+01
-1.24912941602289997e+01
-1.24895044826335706e+01
-1.24889095585927254e+01
-1.24868337189469703e+01
-1.24859471017994927e+01
-1.24843263232259254e+01
-1.24827115708837120e+01
-1.24818333208737915e+01
-1.24803735061147485e+01
-1.24796454347256152e+01
-1.24777581416787431e+01
-1.24760232745971607e+01
-1.24754465222123905e+01
-1.24738643912025164e+01
-1.24724310747797276e+01
-1.24708598711909797e+01
-1.24704323458256230e+01
-1.24687264405936684e+01
-1.24671685588315295e+01
-1.24651938484638745e+01
-1.24649124785273049e+01
-1.24635083567678162e+01
-1.24611317191958157e+01
-1.24607136593381806e+01
-1.24601568714646049e+01
-1.24587680168050969e+01
-1.24566930272777832e+01
-1.24549026875726003e+01
-1.24538045972735478e+01
-1.24529828477721747e+01
-1.24516167111253715e+01
-1.24499829995490501e+01
-1.24483554105788770e+01
-1.24474087929307622e+01
-1.24461947370579509e+01
-1.24445812572507695e+01
-1.24433750690546159e+01
-1.24424392332689724e+01
-1.24407065845799103e+01
-1.24389808209565231e+01
-1.24384511934739290e+01
-1.24376579613229907e+01
-1.24355497315426593e+01
-1.24342372661076848e+01
-1.24322759750343366e+01
-1.24316241746990173e+01
-1.24296746226511363e+01
-1.24290267119209368e+01
-1.24277337830651291e+01
-1.24260587095555923e+01
-1.24249028164180864e+01
-1.24236220886190889e+01
-1.24220901840963407e+01
-1.24213262534122890e+01
-1.24201828710531270e+01
-1.24184102380537773e+01
-1.24165189831478315e+01
-1.24155136713982266e+01
-1.24145106813868313e+01
-1.24127610034096918e+01
-1.24116399213768247e+01
-1.24102736284435764e+01
-1.24092826537251799e+01
-1.24078004185597450e+01
-1.24058319416172989e+01
-1.24055865081652161e+01
-1.24035059050052237e+01
-1.24021649244869181e+01
-1.24014352220213784e+01
-1.24001006101871845e+01
-1.23978049878839780e+01
-1.23963613483876784e+01
-1.23954015811862277e+01
-1.23934883865419465e+01
-1.23912273607043950e+01
-1.23880344393079476e+01
-1.23866228633678492e+01
-1.23835800978816977e+01
-1.23794019252633429e+01
-1.23745776576615789e+01
-1.23691290406825019e+01
-1.23613037031705453e+01
-1.23514453975708207e+01
-1.23390605465538705e+01
-1.23227403080311859e+01
-1.23029241662680686e+01
-1.22783535534276922e+01
-1.22471047582235304e+01
-1.22113936887423016e+01
-1.21680512896932012e+01
-1.21189626039811049e+01
-1.20640569782632578e+01
