-6.000000e+00 0.000000e+00
-5.700000e+00 5.235988e-01
-5.400000e+00 1.047198e+00
-5.100000e+00 1.570796e+00
-4.800000e+00 2.094395e+00
-4.500000e+00 2.617994e+00
-4.200000e+00 3.141593e+00
-3.900000e+00 3.665191e+00
-3.600000e+00 4.188790e+00
-3.300000e+00 4.712389e+00
-3.000000e+00 5.235988e+00
-2.700000e+00 5.759587e+00
-2.400000e+00 6.283185e+00
-2.100000e+00 6.806784e+00
-1.800000e+00 7.330383e+00
-1.500000e+00 7.853982e+00
-1.200000e+00 8.377580e+00
-9.000000e-01 8.901179e+00
-6.000000e-01 9.424778e+00
-3.000000e-01 9.948377e+00
0.000000e+00 -1.047198e+01
3.000000e-01 -9.948377e+00
6.000000e-01 -9.424778e+00
9.000000e-01 -8.901179e+00
1.200000e+00 -8.377580e+00
1.500000e+00 -7.853982e+00
1.800000e+00 -7.330383e+00
2.100000e+00 -6.806784e+00
2.400000e+00 -6.283185e+00
2.700000e+00 -5.759587e+00
3.000000e+00 -5.235988e+00
3.300000e+00 -4.712389e+00
3.600000e+00 -4.188790e+00
3.900000e+00 -3.665191e+00
4.200000e+00 -3.141593e+00
4.500000e+00 -2.617994e+00
4.800000e+00 -2.094395e+00
5.100000e+00 -1.570796e+00
5.400000e+00 -1.047198e+00
5.700000e+00 -5.235988e-01
