-9.000000e+00 0.000000e+00
-8.700000e+00 3.490659e-01
-8.400000e+00 6.981317e-01
-8.100000e+00 1.047198e+00
-7.800000e+00 1.396263e+00
-7.500000e+00 1.745329e+00
-7.200000e+00 2.094395e+00
-6.900000e+00 2.443461e+00
-6.600000e+00 2.792527e+00
-6.300000e+00 3.141593e+00
-6.000000e+00 3.490659e+00
-5.700000e+00 3.839724e+00
-5.400000e+00 4.188790e+00
-5.100000e+00 4.537856e+00
-4.800000e+00 4.886922e+00
-4.500000e+00 5.235988e+00
-4.200000e+00 5.585054e+00
-3.900000e+00 5.934119e+00
-3.600000e+00 6.283185e+00
-3.300000e+00 6.632251e+00
-3.000000e+00 6.981317e+00
-2.700000e+00 7.330383e+00
-2.400000e+00 7.679449e+00
-2.100000e+00 8.028515e+00
-1.800000e+00 8.377580e+00
-1.500000e+00 8.726646e+00
-1.200000e+00 9.075712e+00
-9.000000e-01 9.424778e+00
-6.000000e-01 9.773844e+00
-3.000000e-01 1.012291e+01
0.000000e+00 -1.047198e+01
3.000000e-01 -1.012291e+01
6.000000e-01 -9.773844e+00
9.000000e-01 -9.424778e+00
1.200000e+00 -9.075712e+00
1.500000e+00 -8.726646e+00
1.800000e+00 -8.377580e+00
2.100000e+00 -8.028515e+00
2.400000e+00 -7.679449e+00
2.700000e+00 -7.330383e+00
3.000000e+00 -6.981317e+00
3.300000e+00 -6.632251e+00
3.600000e+00 -6.283185e+00
3.900000e+00 -5.934119e+00
4.200000e+00 -5.585054e+00
4.500000e+00 -5.235988e+00
4.800000e+00 -4.886922e+00
5.100000e+00 -4.537856e+00
5.400000e+00 -4.188790e+00
5.700000e+00 -3.839724e+00
6.000000e+00 -3.490659e+00
6.300000e+00 -3.141593e+00
6.600000e+00 -2.792527e+00
6.900000e+00 -2.443461e+00
7.200000e+00 -2.094395e+00
7.500000e+00 -1.745329e+00
7.800000e+00 -1.396263e+00
8.100000e+00 -1.047198e+00
8.400000e+00 -6.981317e-01
8.700000e+00 -3.490659e-01
