2.143101e-105
7.900329e-101
2.301138e-96
3.393165e-91
9.651670e-88
1.280877e-83
9.327062e-80
2.653031e-76
1.086681e-72
4.451047e-71
1.823149e-67
1.866905e-64
4.779276e-60
1.957591e-58
2.004574e-55
5.131708e-53
1.313717e-50
1.029954e-47
5.380986e-47
2.152394e-44
3.443831e-43
2.204052e-41
3.526483e-40
5.642373e-39
2.925006e-37
5.200011e-37
2.311116e-37
2.311116e-37
0.000000e+00
5.916457e-35
1.479114e-35
5.916457e-35
0.000000e+00
2.311116e-37
2.311116e-37
5.200011e-37
2.925006e-37
5.642373e-39
3.526483e-40
2.204052e-41
3.443831e-43
2.152394e-44
5.380986e-47
1.029954e-47
1.313717e-50
5.131708e-53
2.004574e-55
1.957591e-58
4.779276e-60
1.866905e-64
1.823149e-67
4.451047e-71
1.086681e-72
2.653031e-76
9.327062e-80
1.280877e-83
9.651670e-88
3.393165e-91
2.301138e-96
7.900329e-101
6.646180e-106
3.526009e-101
6.319278e-97
1.580433e-91
1.937015e-88
9.361801e-85
1.910068e-79
3.182877e-76
2.250626e-73
2.223277e-70
5.432205e-67
1.571777e-63
4.913589e-60
1.398141e-57
5.045715e-55
3.219911e-52
1.352121e-50
7.513457e-49
2.492154e-46
7.805941e-45
9.305187e-43
6.476885e-42
5.920012e-41
4.611498e-38
5.241243e-37
2.135331e-37
2.711703e-36
1.830002e-35
1.798889e-35
9.400667e-35
2.134945e-34
9.400667e-35
1.798889e-35
1.830002e-35
2.711703e-36
2.135331e-37
5.241243e-37
4.611498e-38
5.920012e-41
6.476885e-42
9.305187e-43
7.805941e-45
2.492154e-46
7.513457e-49
1.352121e-50
3.219911e-52
5.045715e-55
1.398141e-57
4.913589e-60
1.571777e-63
5.432205e-67
2.223277e-70
2.250626e-73
3.182877e-76
1.910068e-79
9.361801e-85
1.937015e-88
1.580433e-91
6.319278e-97
3.526009e-101
5.359149e-106
3.770207e-101
5.208356e-96
2.084647e-91
1.794698e-87
3.291831e-84
1.182695e-79
3.401866e-76
1.185766e-72
3.757125e-70
3.832399e-66
1.948708e-63
3.185961e-60
9.440158e-58
1.259482e-55
3.783062e-52
1.347916e-50
1.696689e-48
2.972615e-46
1.413650e-44
8.930014e-43
2.229197e-41
3.139170e-40
1.562846e-38
2.321989e-37
3.825812e-37
1.721017e-36
6.102855e-36
6.553529e-35
1.342147e-34
1.398335e-34
1.342147e-34
6.553529e-35
6.102855e-36
1.721017e-36
3.825812e-37
2.321989e-37
1.562846e-38
3.139170e-40
2.229197e-41
8.930014e-43
1.413650e-44
2.972615e-46
1.696689e-48
1.347916e-50
3.783062e-52
1.259482e-55
9.440158e-58
3.185961e-60
1.948708e-63
3.832399e-66
3.757125e-70
1.185766e-72
3.401866e-76
1.182695e-79
3.291831e-84
1.794698e-87
2.084647e-91
5.208356e-96
3.770207e-101
8.655632e-105
5.097800e-100
4.687570e-96
1.013725e-91
2.480528e-87
4.635581e-84
1.101840e-79
8.410781e-78
1.429931e-72
3.191864e-69
4.269857e-66
3.201149e-65
1.728390e-60
9.370415e-62
9.670302e-58
3.734348e-52
1.025732e-49
1.418702e-48
5.516656e-46
1.554494e-44
3.717778e-42
2.019015e-41
2.370702e-40
1.471631e-38
5.336326e-37
7.156808e-37
8.625791e-36
1.479863e-35
1.635961e-35
5.916464e-35
5.344587e-34
5.916464e-35
1.635961e-35
1.479863e-35
8.625791e-36
7.156808e-37
5.336326e-37
1.471631e-38
2.370702e-40
2.019015e-41
3.717778e-42
1.554494e-44
5.516656e-46
1.418702e-48
1.025732e-49
3.734348e-52
9.670302e-58
9.370415e-62
1.728390e-60
3.201149e-65
4.269857e-66
3.191864e-69
1.429931e-72
8.410781e-78
1.101840e-79
4.635581e-84
2.480528e-87
1.013725e-91
4.687570e-96
5.097800e-100
2.144875e-105
1.980441e-100
7.049510e-96
1.895085e-91
2.546080e-87
1.841254e-83
8.130343e-80
8.338441e-77
1.810908e-72
2.240008e-68
3.082248e-67
1.228599e-62
1.084726e-59
4.995895e-57
8.782445e-55
8.239388e-52
3.328189e-51
3.495565e-48
1.807839e-45
3.466810e-44
1.866938e-42
6.772845e-41
4.265748e-40
2.390662e-38
4.534500e-39
8.794617e-38
7.118113e-36
8.194802e-36
2.535717e-34
8.800113e-36
1.045009e-35
8.800113e-36
2.535717e-34
8.194802e-36
7.118113e-36
8.794617e-38
4.534500e-39
2.390662e-38
4.265748e-40
6.772845e-41
1.866938e-42
3.466810e-44
1.807839e-45
3.495565e-48
3.328189e-51
8.239388e-52
8.782445e-55
4.995895e-57
1.084726e-59
1.228599e-62
3.082248e-67
2.240008e-68
1.810908e-72
8.338441e-77
8.130343e-80
1.841254e-83
2.546080e-87
1.895085e-91
7.049510e-96
1.980441e-100
1.736925e-103
9.013441e-99
1.535576e-94
5.490092e-90
7.808280e-86
8.371046e-82
4.219765e-78
2.449756e-74
7.055964e-71
7.993866e-68
2.418322e-64
2.605135e-61
2.483334e-58
1.323564e-55
2.899632e-53
1.670200e-50
2.606722e-48
2.178251e-46
2.647309e-44
1.694352e-42
7.144151e-41
2.051767e-39
3.445963e-38
9.245423e-37
5.861582e-36
3.355474e-35
2.386865e-34
3.749551e-34
2.129928e-33
3.796601e-33
5.018143e-33
3.796601e-33
2.129928e-33
3.749551e-34
2.386865e-34
3.355474e-35
5.861582e-36
9.245423e-37
3.445963e-38
2.051767e-39
7.144151e-41
1.694352e-42
2.647309e-44
2.178251e-46
2.606722e-48
1.670200e-50
2.899632e-53
1.323564e-55
2.483334e-58
2.605135e-61
2.418322e-64
7.993866e-68
7.055964e-71
2.449756e-74
4.219765e-78
8.371046e-82
7.808280e-86
5.490092e-90
1.535576e-94
9.013441e-99
1.944344e-99
7.974256e-95
2.273609e-90
4.528811e-86
6.307469e-82
6.094329e-78
4.141222e-74
1.951247e-70
6.436245e-67
1.472652e-63
2.370685e-60
2.650598e-57
2.079330e-54
1.129453e-51
4.278805e-49
1.134708e-46
2.102244e-44
2.712031e-42
2.441301e-40
1.530323e-38
6.696018e-37
2.055022e-35
4.373209e-34
6.513193e-33
6.764197e-32
4.892695e-31
2.477303e-30
8.690125e-30
2.140591e-29
3.678456e-29
4.401301e-29
3.678456e-29
2.140591e-29
8.690125e-30
2.477303e-30
4.892695e-31
6.764197e-32
6.513193e-33
4.373209e-34
2.055022e-35
6.696018e-37
1.530323e-38
2.441301e-40
2.712031e-42
2.102244e-44
1.134708e-46
4.278805e-49
1.129453e-51
2.079330e-54
2.650598e-57
2.370685e-60
1.472652e-63
6.436245e-67
1.951247e-70
4.141222e-74
6.094329e-78
6.307469e-82
4.528811e-86
2.273609e-90
7.974256e-95
1.098306e-95
4.496985e-91
1.284597e-86
2.560268e-82
3.560204e-78
3.453700e-74
2.337521e-70
1.103837e-66
3.636512e-63
8.357949e-60
1.340323e-56
1.499552e-53
1.170512e-50
6.374137e-48
2.421809e-45
6.419639e-43
1.187203e-40
1.531707e-38
1.378859e-36
8.659431e-35
3.794192e-33
1.159911e-31
2.473686e-30
3.680785e-29
3.821054e-28
2.767468e-27
1.398458e-26
4.929949e-26
1.212610e-25
2.080832e-25
2.491192e-25
2.080832e-25
1.212610e-25
4.929949e-26
1.398458e-26
2.767468e-27
3.821054e-28
3.680785e-29
2.473686e-30
1.159911e-31
3.794192e-33
8.659431e-35
1.378859e-36
1.531707e-38
1.187203e-40
6.419639e-43
2.421809e-45
6.374137e-48
1.170512e-50
1.499552e-53
1.340323e-56
8.357949e-60
3.636512e-63
1.103837e-66
2.337521e-70
3.453700e-74
3.560204e-78
2.560268e-82
1.284597e-86
4.496985e-91
3.273900e-92
1.340520e-87
3.829430e-83
7.632204e-79
1.061254e-74
1.029538e-70
6.968182e-67
3.290419e-63
1.084018e-59
2.491584e-56
3.995480e-53
4.470091e-50
3.489134e-47
1.900085e-44
7.219086e-42
1.913574e-39
3.538853e-37
4.565975e-35
4.110160e-33
2.581297e-31
1.131022e-29
3.457468e-28
7.373933e-27
1.097221e-25
1.139051e-24
8.249856e-24
4.168728e-23
1.469652e-22
3.614761e-22
6.202953e-22
7.426285e-22
6.202953e-22
3.614761e-22
1.469652e-22
4.168728e-23
8.249856e-24
1.139051e-24
1.097221e-25
7.373933e-27
3.457468e-28
1.131022e-29
2.581297e-31
4.110160e-33
4.565975e-35
3.538853e-37
1.913574e-39
7.219086e-42
1.900085e-44
3.489134e-47
4.470091e-50
3.995480e-53
2.491584e-56
1.084018e-59
3.290419e-63
6.968182e-67
1.029538e-70
1.061254e-74
7.632204e-79
3.829430e-83
1.340520e-87
5.146038e-89
2.107077e-84
6.019241e-80
1.199657e-75
1.668117e-71
1.618266e-67
1.095285e-63
5.172000e-60
1.703899e-56
3.916364e-53
6.280241e-50
7.026250e-47
5.484346e-44
2.986621e-41
1.134722e-38
3.007825e-36
5.562496e-34
7.176966e-32
6.460499e-30
4.057376e-28
1.777781e-26
5.434574e-25
1.159062e-23
1.724653e-22
1.790403e-21
1.296743e-20
6.552559e-20
2.310053e-19
5.681814e-19
9.750032e-19
1.167291e-18
9.750032e-19
5.681814e-19
2.310053e-19
6.552559e-20
1.296743e-20
1.790403e-21
1.724653e-22
1.159062e-23
5.434574e-25
1.777781e-26
4.057376e-28
6.460499e-30
7.176966e-32
5.562496e-34
3.007825e-36
1.134722e-38
2.986621e-41
5.484346e-44
7.026250e-47
6.280241e-50
3.916364e-53
1.703899e-56
5.172000e-60
1.095285e-63
1.618266e-67
1.668117e-71
1.199657e-75
6.019241e-80
2.107077e-84
4.265126e-86
1.746382e-81
4.988852e-77
9.942968e-73
1.382564e-68
1.341247e-64
9.077914e-61
4.286644e-57
1.412221e-53
3.245951e-50
5.205174e-47
5.823479e-44
4.545522e-41
2.475364e-38
9.404771e-36
2.492938e-33
4.610294e-31
5.948395e-29
5.354575e-27
3.362824e-25
1.473456e-23
4.504270e-22
9.606507e-21
1.429423e-19
1.483917e-18
1.074763e-17
5.430875e-17
1.914612e-16
4.709187e-16
8.080997e-16
9.674710e-16
8.080997e-16
4.709187e-16
1.914612e-16
5.430875e-17
1.074763e-17
1.483917e-18
1.429423e-19
9.606507e-21
4.504270e-22
1.473456e-23
3.362824e-25
5.354575e-27
5.948395e-29
4.610294e-31
2.492938e-33
9.404771e-36
2.475364e-38
4.545522e-41
5.823479e-44
5.205174e-47
3.245951e-50
1.412221e-53
4.286644e-57
9.077914e-61
1.341247e-64
1.382564e-68
9.942968e-73
4.988852e-77
1.746382e-81
1.863985e-83
7.632200e-79
2.180274e-74
4.345367e-70
6.042210e-66
5.861641e-62
3.967313e-58
1.873388e-54
6.171818e-51
1.418575e-47
2.274813e-44
2.545030e-41
1.986526e-38
1.081806e-35
4.110159e-33
1.089487e-30
2.014833e-28
2.599622e-26
2.340105e-24
1.469652e-22
6.439434e-21
1.968497e-19
4.198324e-18
6.246994e-17
6.485152e-16
4.697029e-15
2.373451e-14
8.367416e-14
2.058052e-13
3.531632e-13
4.228131e-13
3.531632e-13
2.058052e-13
8.367416e-14
2.373451e-14
4.697029e-15
6.485152e-16
6.246994e-17
4.198324e-18
1.968497e-19
6.439434e-21
1.469652e-22
2.340105e-24
2.599622e-26
2.014833e-28
1.089487e-30
4.110159e-33
1.081806e-35
1.986526e-38
2.545030e-41
2.274813e-44
1.418575e-47
6.171818e-51
1.873388e-54
3.967313e-58
5.861641e-62
6.042210e-66
4.345367e-70
2.180274e-74
7.632200e-79
4.295407e-81
1.758781e-76
5.024271e-72
1.001356e-67
1.392380e-63
1.350769e-59
9.142364e-56
4.317077e-52
1.422247e-48
3.268996e-45
5.242129e-42
5.864823e-39
4.577793e-36
2.492938e-33
9.471541e-31
2.510637e-28
4.643025e-26
5.990626e-24
5.392590e-22
3.386699e-20
1.483917e-18
4.536248e-17
9.674710e-16
1.439571e-14
1.494453e-13
1.082394e-12
5.469433e-12
1.928206e-11
4.742620e-11
8.138369e-11
9.743397e-11
8.138369e-11
4.742620e-11
1.928206e-11
5.469433e-12
1.082394e-12
1.494453e-13
1.439571e-14
9.674710e-16
4.536248e-17
1.483917e-18
3.386699e-20
5.392590e-22
5.990626e-24
4.643025e-26
2.510637e-28
9.471541e-31
2.492938e-33
4.577793e-36
5.864823e-39
5.242129e-42
3.268996e-45
1.422247e-48
4.317077e-52
9.142364e-56
1.350769e-59
1.392380e-63
1.001356e-67
5.024271e-72
1.758781e-76
5.219367e-79
2.137102e-74
6.105013e-70
1.216752e-65
1.691887e-61
1.641325e-57
1.110892e-53
5.245699e-50
1.728179e-46
3.972171e-43
6.369733e-40
7.126372e-37
5.562496e-34
3.029179e-31
1.150891e-28
3.050685e-26
5.641760e-24
7.279235e-22
6.552559e-20
4.115192e-18
1.803114e-16
5.512014e-15
1.175578e-13
1.749229e-12
1.815916e-11
1.315221e-10
6.645930e-10
2.342971e-09
5.762778e-09
9.888966e-09
1.183924e-08
9.888966e-09
5.762778e-09
2.342971e-09
6.645930e-10
1.315221e-10
1.815916e-11
1.749229e-12
1.175578e-13
5.512014e-15
1.803114e-16
4.115192e-18
6.552559e-20
7.279235e-22
5.641760e-24
3.050685e-26
1.150891e-28
3.029179e-31
5.562496e-34
7.126372e-37
6.369733e-40
3.972171e-43
1.728179e-46
5.245699e-50
1.110892e-53
1.641325e-57
1.691887e-61
1.216752e-65
6.105013e-70
2.137102e-74
3.344128e-77
1.369274e-72
3.911575e-68
7.795914e-64
1.084018e-59
1.051622e-55
7.117657e-52
3.360999e-48
1.107270e-44
2.545030e-41
4.081185e-38
4.565975e-35
3.563976e-32
1.940841e-29
7.373933e-27
1.954620e-24
3.614761e-22
4.663917e-20
4.198324e-18
2.636666e-16
1.155283e-14
3.531632e-13
7.532107e-12
1.120757e-10
1.163485e-09
8.426821e-09
4.258149e-08
1.501177e-07
3.692299e-07
6.336011e-07
7.585583e-07
6.336011e-07
3.692299e-07
1.501177e-07
4.258149e-08
8.426821e-09
1.163485e-09
1.120757e-10
7.532107e-12
3.531632e-13
1.155283e-14
2.636666e-16
4.198324e-18
4.663917e-20
3.614761e-22
1.954620e-24
7.373933e-27
1.940841e-29
3.563976e-32
4.565975e-35
4.081185e-38
2.545030e-41
1.107270e-44
3.360999e-48
7.117657e-52
1.051622e-55
1.084018e-59
7.795914e-64
3.911575e-68
1.369274e-72
1.129794e-75
4.626013e-71
1.321503e-66
2.633805e-62
3.662292e-58
3.552845e-54
2.404660e-50
1.135494e-46
3.740850e-43
8.598240e-40
1.378805e-36
1.542588e-33
1.204069e-30
6.557021e-28
2.491241e-25
6.603573e-23
1.221226e-20
1.575678e-18
1.418380e-16
8.907825e-15
3.903057e-13
1.193142e-11
2.544679e-10
3.786415e-09
3.930767e-08
2.846953e-07
1.438591e-06
5.071640e-06
1.247422e-05
2.140585e-05
2.562746e-05
2.140585e-05
1.247422e-05
5.071640e-06
1.438591e-06
2.846953e-07
3.930767e-08
3.786415e-09
2.544679e-10
1.193142e-11
3.903057e-13
8.907825e-15
1.418380e-16
1.575678e-18
1.221226e-20
6.603573e-23
2.491241e-25
6.557021e-28
1.204069e-30
1.542588e-33
1.378805e-36
8.598240e-40
3.740850e-43
1.135494e-46
2.404660e-50
3.552845e-54
3.662292e-58
2.633805e-62
1.321503e-66
4.626013e-71
2.012647e-74
8.240906e-70
2.354162e-65
4.691932e-61
6.524107e-57
6.329136e-53
4.283727e-49
2.022801e-45
6.664052e-42
1.531714e-38
2.456241e-35
2.748009e-32
2.144961e-29
1.168086e-26
4.437965e-24
1.176379e-21
2.175526e-19
2.806955e-17
2.526741e-15
1.586864e-13
6.953011e-12
2.125495e-10
4.533161e-09
6.745223e-08
7.002375e-07
5.071640e-06
2.562746e-05
9.034759e-05
2.222192e-04
3.813297e-04
4.565345e-04
3.813297e-04
2.222192e-04
9.034759e-05
2.562746e-05
5.071640e-06
7.002375e-07
6.745223e-08
4.533161e-09
2.125495e-10
6.953011e-12
1.586864e-13
2.526741e-15
2.806955e-17
2.175526e-19
1.176379e-21
4.437965e-24
1.168086e-26
2.144961e-29
2.748009e-32
2.456241e-35
1.531714e-38
6.664052e-42
2.022801e-45
4.283727e-49
6.329136e-53
6.524107e-57
4.691932e-61
2.354162e-65
8.240906e-70
1.890546e-73
7.740956e-69
2.211342e-64
4.407287e-60
6.128310e-56
5.945167e-52
4.023846e-48
1.900084e-44
6.259765e-41
1.438790e-37
2.307228e-34
2.581296e-31
2.014833e-28
1.097222e-25
4.168728e-23
1.105011e-20
2.043544e-18
2.636666e-16
2.373451e-14
1.490594e-12
6.531194e-11
1.996548e-09
4.258149e-08
6.336011e-07
6.577563e-06
4.763960e-05
2.407272e-04
8.486648e-04
2.087379e-03
3.581956e-03
4.288380e-03
3.581956e-03
2.087379e-03
8.486648e-04
2.407272e-04
4.763960e-05
6.577563e-06
6.336011e-07
4.258149e-08
1.996548e-09
6.531194e-11
1.490594e-12
2.373451e-14
2.636666e-16
2.043544e-18
1.105011e-20
4.168728e-23
1.097222e-25
2.014833e-28
2.581296e-31
2.307228e-34
1.438790e-37
6.259765e-41
1.900084e-44
4.023846e-48
5.945167e-52
6.128310e-56
4.407287e-60
2.211342e-64
7.740956e-69
9.363934e-73
3.834121e-68
1.095285e-63
2.182944e-59
3.035372e-55
2.944660e-51
1.993024e-47
9.411175e-44
3.100482e-40
7.126372e-37
1.142778e-33
1.278524e-30
9.979534e-28
5.434574e-25
2.064784e-22
5.473157e-20
1.012174e-17
1.305949e-15
1.175578e-13
7.382962e-12
3.234922e-10
9.888966e-09
2.109075e-07
3.138247e-06
3.257888e-05
2.359605e-04
1.192330e-03
4.203464e-03
1.033885e-02
1.774154e-02
2.124049e-02
1.774154e-02
1.033885e-02
4.203464e-03
1.192330e-03
2.359605e-04
3.257888e-05
3.138247e-06
2.109075e-07
9.888966e-09
3.234922e-10
7.382962e-12
1.175578e-13
1.305949e-15
1.012174e-17
5.473157e-20
2.064784e-22
5.434574e-25
9.979534e-28
1.278524e-30
1.142778e-33
7.126372e-37
3.100482e-40
9.411175e-44
1.993024e-47
2.944660e-51
3.035372e-55
2.182944e-59
1.095285e-63
3.834121e-68
2.445575e-72
1.001356e-67
2.860552e-63
5.701186e-59
7.927469e-55
7.690559e-51
5.205174e-47
2.457913e-43
8.097517e-40
1.861192e-36
2.984588e-33
3.339117e-30
2.606351e-27
1.419346e-24
5.392590e-22
1.429423e-19
2.643491e-17
3.410743e-15
3.070253e-13
1.928206e-11
8.448633e-10
2.582698e-08
5.508263e-07
8.196148e-06
8.508615e-05
6.162571e-04
3.114003e-03
1.097817e-02
2.700195e-02
4.633553e-02
5.547370e-02
4.633553e-02
2.700195e-02
1.097817e-02
3.114003e-03
6.162571e-04
8.508615e-05
8.196148e-06
5.508263e-07
2.582698e-08
8.448633e-10
1.928206e-11
3.070253e-13
3.410743e-15
2.643491e-17
1.429423e-19
5.392590e-22
1.419346e-24
2.606351e-27
3.339117e-30
2.984588e-33
1.861192e-36
8.097517e-40
2.457913e-43
5.205174e-47
7.690559e-51
7.927469e-55
5.701186e-59
2.860552e-63
1.001356e-67
3.367870e-72
1.378995e-67
3.939346e-63
7.851262e-59
1.091714e-54
1.059088e-50
7.168190e-47
3.384861e-43
1.115132e-39
2.563099e-36
4.110159e-33
4.598391e-30
3.589279e-27
1.954620e-24
7.426286e-22
1.968497e-19
3.640425e-17
4.697029e-15
4.228131e-13
2.655385e-11
1.163485e-09
3.556705e-08
7.585583e-07
1.128714e-05
1.171745e-04
8.486648e-04
4.288380e-03
1.511835e-02
3.718513e-02
6.380994e-02
7.639437e-02
6.380994e-02
3.718513e-02
1.511835e-02
4.288380e-03
8.486648e-04
1.171745e-04
1.128714e-05
7.585583e-07
3.556705e-08
1.163485e-09
2.655385e-11
4.228131e-13
4.697029e-15
3.640425e-17
1.968497e-19
7.426286e-22
1.954620e-24
3.589279e-27
4.598391e-30
4.110159e-33
2.563099e-36
1.115132e-39
3.384861e-43
7.168190e-47
1.059088e-50
1.091714e-54
7.851262e-59
3.939346e-63
1.378995e-67
2.445575e-72
1.001356e-67
2.860552e-63
5.701186e-59
7.927469e-55
7.690559e-51
5.205174e-47
2.457913e-43
8.097517e-40
1.861192e-36
2.984588e-33
3.339117e-30
2.606351e-27
1.419346e-24
5.392590e-22
1.429423e-19
2.643491e-17
3.410743e-15
3.070253e-13
1.928206e-11
8.448633e-10
2.582698e-08
5.508263e-07
8.196148e-06
8.508615e-05
6.162571e-04
3.114003e-03
1.097817e-02
2.700195e-02
4.633553e-02
5.547370e-02
4.633553e-02
2.700195e-02
1.097817e-02
3.114003e-03
6.162571e-04
8.508615e-05
8.196148e-06
5.508263e-07
2.582698e-08
8.448633e-10
1.928206e-11
3.070253e-13
3.410743e-15
2.643491e-17
1.429423e-19
5.392590e-22
1.419346e-24
2.606351e-27
3.339117e-30
2.984588e-33
1.861192e-36
8.097517e-40
2.457913e-43
5.205174e-47
7.690559e-51
7.927469e-55
5.701186e-59
2.860552e-63
1.001356e-67
9.363934e-73
3.834121e-68
1.095285e-63
2.182944e-59
3.035372e-55
2.944660e-51
1.993024e-47
9.411175e-44
3.100482e-40
7.126372e-37
1.142778e-33
1.278524e-30
9.979534e-28
5.434574e-25
2.064784e-22
5.473157e-20
1.012174e-17
1.305949e-15
1.175578e-13
7.382962e-12
3.234922e-10
9.888966e-09
2.109075e-07
3.138247e-06
3.257888e-05
2.359605e-04
1.192330e-03
4.203464e-03
1.033885e-02
1.774154e-02
2.124049e-02
1.774154e-02
1.033885e-02
4.203464e-03
1.192330e-03
2.359605e-04
3.257888e-05
3.138247e-06
2.109075e-07
9.888966e-09
3.234922e-10
7.382962e-12
1.175578e-13
1.305949e-15
1.012174e-17
5.473157e-20
2.064784e-22
5.434574e-25
9.979534e-28
1.278524e-30
1.142778e-33
7.126372e-37
3.100482e-40
9.411175e-44
1.993024e-47
2.944660e-51
3.035372e-55
2.182944e-59
1.095285e-63
3.834121e-68
1.890546e-73
7.740956e-69
2.211342e-64
4.407287e-60
6.128310e-56
5.945167e-52
4.023846e-48
1.900084e-44
6.259765e-41
1.438790e-37
2.307228e-34
2.581296e-31
2.014833e-28
1.097222e-25
4.168728e-23
1.105011e-20
2.043544e-18
2.636666e-16
2.373451e-14
1.490594e-12
6.531194e-11
1.996548e-09
4.258149e-08
6.336011e-07
6.577563e-06
4.763960e-05
2.407272e-04
8.486648e-04
2.087379e-03
3.581956e-03
4.288380e-03
3.581956e-03
2.087379e-03
8.486648e-04
2.407272e-04
4.763960e-05
6.577563e-06
6.336011e-07
4.258149e-08
1.996548e-09
6.531194e-11
1.490594e-12
2.373451e-14
2.636666e-16
2.043544e-18
1.105011e-20
4.168728e-23
1.097222e-25
2.014833e-28
2.581296e-31
2.307228e-34
1.438790e-37
6.259765e-41
1.900084e-44
4.023846e-48
5.945167e-52
6.128310e-56
4.407287e-60
2.211342e-64
7.740956e-69
2.012647e-74
8.240906e-70
2.354162e-65
4.691932e-61
6.524107e-57
6.329136e-53
4.283727e-49
2.022801e-45
6.664052e-42
1.531714e-38
2.456241e-35
2.748009e-32
2.144961e-29
1.168086e-26
4.437965e-24
1.176379e-21
2.175526e-19
2.806955e-17
2.526741e-15
1.586864e-13
6.953011e-12
2.125495e-10
4.533161e-09
6.745223e-08
7.002375e-07
5.071640e-06
2.562746e-05
9.034759e-05
2.222192e-04
3.813297e-04
4.565345e-04
3.813297e-04
2.222192e-04
9.034759e-05
2.562746e-05
5.071640e-06
7.002375e-07
6.745223e-08
4.533161e-09
2.125495e-10
6.953011e-12
1.586864e-13
2.526741e-15
2.806955e-17
2.175526e-19
1.176379e-21
4.437965e-24
1.168086e-26
2.144961e-29
2.748009e-32
2.456241e-35
1.531714e-38
6.664052e-42
2.022801e-45
4.283727e-49
6.329136e-53
6.524107e-57
4.691932e-61
2.354162e-65
8.240906e-70
1.129794e-75
4.626013e-71
1.321503e-66
2.633805e-62
3.662292e-58
3.552845e-54
2.404660e-50
1.135494e-46
3.740850e-43
8.598240e-40
1.378805e-36
1.542588e-33
1.204069e-30
6.557021e-28
2.491241e-25
6.603573e-23
1.221226e-20
1.575678e-18
1.418380e-16
8.907825e-15
3.903057e-13
1.193142e-11
2.544679e-10
3.786415e-09
3.930767e-08
2.846953e-07
1.438591e-06
5.071640e-06
1.247422e-05
2.140585e-05
2.562746e-05
2.140585e-05
1.247422e-05
5.071640e-06
1.438591e-06
2.846953e-07
3.930767e-08
3.786415e-09
2.544679e-10
1.193142e-11
3.903057e-13
8.907825e-15
1.418380e-16
1.575678e-18
1.221226e-20
6.603573e-23
2.491241e-25
6.557021e-28
1.204069e-30
1.542588e-33
1.378805e-36
8.598240e-40
3.740850e-43
1.135494e-46
2.404660e-50
3.552845e-54
3.662292e-58
2.633805e-62
1.321503e-66
4.626013e-71
3.344128e-77
1.369274e-72
3.911575e-68
7.795914e-64
1.084018e-59
1.051622e-55
7.117657e-52
3.360999e-48
1.107270e-44
2.545030e-41
4.081185e-38
4.565975e-35
3.563976e-32
1.940841e-29
7.373933e-27
1.954620e-24
3.614761e-22
4.663917e-20
4.198324e-18
2.636666e-16
1.155283e-14
3.531632e-13
7.532107e-12
1.120757e-10
1.163485e-09
8.426821e-09
4.258149e-08
1.501177e-07
3.692299e-07
6.336011e-07
7.585583e-07
6.336011e-07
3.692299e-07
1.501177e-07
4.258149e-08
8.426821e-09
1.163485e-09
1.120757e-10
7.532107e-12
3.531632e-13
1.155283e-14
2.636666e-16
4.198324e-18
4.663917e-20
3.614761e-22
1.954620e-24
7.373933e-27
1.940841e-29
3.563976e-32
4.565975e-35
4.081185e-38
2.545030e-41
1.107270e-44
3.360999e-48
7.117657e-52
1.051622e-55
1.084018e-59
7.795914e-64
3.911575e-68
1.369274e-72
5.219367e-79
2.137102e-74
6.105013e-70
1.216752e-65
1.691887e-61
1.641325e-57
1.110892e-53
5.245699e-50
1.728179e-46
3.972171e-43
6.369733e-40
7.126372e-37
5.562496e-34
3.029179e-31
1.150891e-28
3.050685e-26
5.641760e-24
7.279235e-22
6.552559e-20
4.115192e-18
1.803114e-16
5.512014e-15
1.175578e-13
1.749229e-12
1.815916e-11
1.315221e-10
6.645930e-10
2.342971e-09
5.762778e-09
9.888966e-09
1.183924e-08
9.888966e-09
5.762778e-09
2.342971e-09
6.645930e-10
1.315221e-10
1.815916e-11
1.749229e-12
1.175578e-13
5.512014e-15
1.803114e-16
4.115192e-18
6.552559e-20
7.279235e-22
5.641760e-24
3.050685e-26
1.150891e-28
3.029179e-31
5.562496e-34
7.126372e-37
6.369733e-40
3.972171e-43
1.728179e-46
5.245699e-50
1.110892e-53
1.641325e-57
1.691887e-61
1.216752e-65
6.105013e-70
2.137102e-74
4.295407e-81
1.758781e-76
5.024271e-72
1.001356e-67
1.392380e-63
1.350769e-59
9.142364e-56
4.317077e-52
1.422247e-48
3.268996e-45
5.242129e-42
5.864823e-39
4.577793e-36
2.492938e-33
9.471541e-31
2.510637e-28
4.643025e-26
5.990626e-24
5.392590e-22
3.386699e-20
1.483917e-18
4.536248e-17
9.674710e-16
1.439571e-14
1.494453e-13
1.082394e-12
5.469433e-12
1.928206e-11
4.742620e-11
8.138369e-11
9.743397e-11
8.138369e-11
4.742620e-11
1.928206e-11
5.469433e-12
1.082394e-12
1.494453e-13
1.439571e-14
9.674710e-16
4.536248e-17
1.483917e-18
3.386699e-20
5.392590e-22
5.990626e-24
4.643025e-26
2.510637e-28
9.471541e-31
2.492938e-33
4.577793e-36
5.864823e-39
5.242129e-42
3.268996e-45
1.422247e-48
4.317077e-52
9.142364e-56
1.350769e-59
1.392380e-63
1.001356e-67
5.024271e-72
1.758781e-76
1.863985e-83
7.632200e-79
2.180274e-74
4.345367e-70
6.042210e-66
5.861641e-62
3.967313e-58
1.873388e-54
6.171818e-51
1.418575e-47
2.274813e-44
2.545030e-41
1.986526e-38
1.081806e-35
4.110159e-33
1.089487e-30
2.014833e-28
2.599622e-26
2.340105e-24
1.469652e-22
6.439434e-21
1.968497e-19
4.198324e-18
6.246994e-17
6.485152e-16
4.697029e-15
2.373451e-14
8.367416e-14
2.058052e-13
3.531632e-13
4.228131e-13
3.531632e-13
2.058052e-13
8.367416e-14
2.373451e-14
4.697029e-15
6.485152e-16
6.246994e-17
4.198324e-18
1.968497e-19
6.439434e-21
1.469652e-22
2.340105e-24
2.599622e-26
2.014833e-28
1.089487e-30
4.110159e-33
1.081806e-35
1.986526e-38
2.545030e-41
2.274813e-44
1.418575e-47
6.171818e-51
1.873388e-54
3.967313e-58
5.861641e-62
6.042210e-66
4.345367e-70
2.180274e-74
7.632200e-79
4.265126e-86
1.746382e-81
4.988852e-77
9.942968e-73
1.382564e-68
1.341247e-64
9.077914e-61
4.286644e-57
1.412221e-53
3.245951e-50
5.205174e-47
5.823479e-44
4.545522e-41
2.475364e-38
9.404771e-36
2.492938e-33
4.610294e-31
5.948395e-29
5.354575e-27
3.362824e-25
1.473456e-23
4.504270e-22
9.606507e-21
1.429423e-19
1.483917e-18
1.074763e-17
5.430875e-17
1.914612e-16
4.709187e-16
8.080997e-16
9.674710e-16
8.080997e-16
4.709187e-16
1.914612e-16
5.430875e-17
1.074763e-17
1.483917e-18
1.429423e-19
9.606507e-21
4.504270e-22
1.473456e-23
3.362824e-25
5.354575e-27
5.948395e-29
4.610294e-31
2.492938e-33
9.404771e-36
2.475364e-38
4.545522e-41
5.823479e-44
5.205174e-47
3.245951e-50
1.412221e-53
4.286644e-57
9.077914e-61
1.341247e-64
1.382564e-68
9.942968e-73
4.988852e-77
1.746382e-81
5.146038e-89
2.107077e-84
6.019241e-80
1.199657e-75
1.668117e-71
1.618266e-67
1.095285e-63
5.171999e-60
1.703899e-56
3.916364e-53
6.280241e-50
7.026250e-47
5.484346e-44
2.986621e-41
1.134722e-38
3.007825e-36
5.562496e-34
7.176966e-32
6.460499e-30
4.057376e-28
1.777781e-26
5.434574e-25
1.159062e-23
1.724653e-22
1.790403e-21
1.296743e-20
6.552559e-20
2.310053e-19
5.681814e-19
9.750032e-19
1.167291e-18
9.750032e-19
5.681814e-19
2.310053e-19
6.552559e-20
1.296743e-20
1.790403e-21
1.724653e-22
1.159062e-23
5.434574e-25
1.777781e-26
4.057376e-28
6.460499e-30
7.176966e-32
5.562496e-34
3.007825e-36
1.134722e-38
2.986621e-41
5.484346e-44
7.026250e-47
6.280241e-50
3.916364e-53
1.703899e-56
5.171999e-60
1.095285e-63
1.618266e-67
1.668117e-71
1.199657e-75
6.019241e-80
2.107077e-84
3.273900e-92
1.340519e-87
3.829430e-83
7.632204e-79
1.061254e-74
1.029538e-70
6.968181e-67
3.290419e-63
1.084018e-59
2.491584e-56
3.995479e-53
4.470090e-50
3.489133e-47
1.900084e-44
7.219085e-42
1.913573e-39
3.538852e-37
4.565974e-35
4.110160e-33
2.581296e-31
1.131022e-29
3.457468e-28
7.373933e-27
1.097221e-25
1.139051e-24
8.249855e-24
4.168729e-23
1.469652e-22
3.614761e-22
6.202955e-22
7.426284e-22
6.202955e-22
3.614761e-22
1.469652e-22
4.168729e-23
8.249855e-24
1.139051e-24
1.097221e-25
7.373933e-27
3.457468e-28
1.131022e-29
2.581296e-31
4.110160e-33
4.565974e-35
3.538852e-37
1.913573e-39
7.219085e-42
1.900084e-44
3.489133e-47
4.470090e-50
3.995479e-53
2.491584e-56
1.084018e-59
3.290419e-63
6.968181e-67
1.029538e-70
1.061254e-74
7.632204e-79
3.829430e-83
1.340519e-87
1.098263e-95
4.497156e-91
1.284609e-86
2.560251e-82
3.560188e-78
3.453777e-74
2.337450e-70
1.103823e-66
3.636566e-63
8.357966e-60
1.340326e-56
1.499537e-53
1.170479e-50
6.374278e-48
2.421712e-45
6.419633e-43
1.187212e-40
1.531680e-38
1.378848e-36
8.659412e-35
3.794196e-33
1.159868e-31
2.473671e-30
3.680770e-29
3.820969e-28
2.767435e-27
1.398428e-26
4.930035e-26
1.212635e-25
2.080814e-25
2.491172e-25
2.080814e-25
1.212635e-25
4.930035e-26
1.398428e-26
2.767435e-27
3.820969e-28
3.680770e-29
2.473671e-30
1.159868e-31
3.794196e-33
8.659412e-35
1.378848e-36
1.531680e-38
1.187212e-40
6.419633e-43
2.421712e-45
6.374278e-48
1.170479e-50
1.499537e-53
1.340326e-56
8.357966e-60
3.636566e-63
1.103823e-66
2.337450e-70
3.453777e-74
3.560188e-78
2.560251e-82
1.284609e-86
4.497156e-91
1.947866e-99
7.969070e-95
2.276412e-90
4.536401e-86
6.318062e-82
6.128663e-78
4.145089e-74
1.953960e-70
6.439810e-67
1.478050e-63
2.374655e-60
2.663342e-57
2.076120e-54
1.130937e-51
4.310556e-49
1.139332e-46
2.109621e-44
2.714799e-42
2.452882e-40
1.539047e-38
6.729829e-37
2.059254e-35
4.379253e-34
6.535928e-33
6.747219e-32
4.904568e-31
2.485802e-30
8.725319e-30
2.146138e-29
3.682482e-29
4.406167e-29
3.682482e-29
2.146138e-29
8.725319e-30
2.485802e-30
4.904568e-31
6.747219e-32
6.535928e-33
4.379253e-34
2.059254e-35
6.729829e-37
1.539047e-38
2.452882e-40
2.714799e-42
2.109621e-44
1.139332e-46
4.310556e-49
1.130937e-51
2.076120e-54
2.663342e-57
2.374655e-60
1.478050e-63
6.439810e-67
1.953960e-70
4.145089e-74
6.128663e-78
6.318062e-82
4.536401e-86
2.276412e-90
7.969070e-95
1.752747e-103
6.762532e-99
1.620053e-94
3.739005e-90
5.794601e-86
7.020487e-82
4.028960e-78
2.388999e-74
7.398218e-71
9.387185e-68
1.533234e-64
2.776701e-61
2.678972e-58
1.070760e-55
3.940634e-53
1.671708e-50
2.357440e-48
2.846279e-46
2.882168e-44
1.411319e-42
7.518024e-41
1.536458e-39
3.143403e-38
6.481428e-37
4.992007e-36
3.744092e-35
1.699194e-34
4.631780e-34
1.929369e-33
3.950422e-33
4.241895e-33
3.950422e-33
1.929369e-33
4.631780e-34
1.699194e-34
3.744092e-35
4.992007e-36
6.481428e-37
3.143403e-38
1.536458e-39
7.518024e-41
1.411319e-42
2.882168e-44
2.846279e-46
2.357440e-48
1.671708e-50
3.940634e-53
1.070760e-55
2.678972e-58
2.776701e-61
1.533234e-64
9.387185e-68
7.398218e-71
2.388999e-74
4.028960e-78
7.020487e-82
5.794601e-86
3.739005e-90
1.620053e-94
6.762532e-99
1.312176e-104
2.475294e-100
1.705175e-96
3.039314e-91
3.499688e-87
1.060056e-83
2.537881e-79
2.952353e-76
2.869119e-72
2.788831e-68
8.349803e-66
1.917861e-62
6.892874e-60
3.714334e-57
3.410114e-54
8.339103e-52
9.266872e-50
1.797091e-47
4.416407e-46
7.207321e-44
3.136472e-42
5.189944e-41
5.470234e-40
2.423176e-38
6.205327e-37
4.692650e-37
1.190670e-35
4.246310e-35
2.132802e-34
2.803449e-34
1.812104e-34
2.803449e-34
2.132802e-34
4.246310e-35
1.190670e-35
4.692650e-37
6.205327e-37
2.423176e-38
5.470234e-40
5.189944e-41
3.136472e-42
7.207321e-44
4.416407e-46
1.797091e-47
9.266872e-50
8.339103e-52
3.410114e-54
3.714334e-57
6.892874e-60
1.917861e-62
8.349803e-66
2.788831e-68
2.869119e-72
2.952353e-76
2.537881e-79
1.060056e-83
3.499688e-87
3.039314e-91
1.705175e-96
2.475294e-100
1.329688e-104
2.765747e-100
3.270744e-97
5.479882e-92
7.223218e-88
2.041931e-84
3.320067e-79
1.686939e-75
2.684344e-72
6.656117e-69
1.063979e-65
1.182302e-62
3.089433e-60
2.732172e-57
2.902305e-54
1.055646e-52
2.252993e-50
2.661477e-48
5.494277e-46
4.695306e-44
8.025482e-42
4.864514e-42
1.393980e-40
6.591974e-38
4.523160e-37
1.099769e-36
5.339183e-36
7.591529e-35
1.075748e-34
2.980267e-34
1.893569e-34
2.980267e-34
1.075748e-34
7.591529e-35
5.339183e-36
1.099769e-36
4.523160e-37
6.591974e-38
1.393980e-40
4.864514e-42
8.025482e-42
4.695306e-44
5.494277e-46
2.661477e-48
2.252993e-50
1.055646e-52
2.902305e-54
2.732172e-57
3.089433e-60
1.182302e-62
1.063979e-65
6.656117e-69
2.684344e-72
1.686939e-75
3.320067e-79
2.041931e-84
7.223218e-88
5.479882e-92
3.270744e-97
2.765747e-100
2.479487e-106
5.373223e-101
2.058973e-96
3.530609e-92
1.442916e-87
1.337758e-83
3.740947e-80
6.126564e-77
4.518566e-73
2.304468e-69
8.571455e-66
2.718331e-63
5.954071e-60
2.697241e-57
3.253660e-56
1.383667e-52
8.856420e-50
9.360107e-48
1.396322e-45
2.914596e-44
4.721323e-42
2.418351e-41
1.184198e-39
1.045445e-38
4.013642e-37
1.160722e-37
6.266254e-36
1.349191e-35
5.926329e-36
2.843198e-35
2.442156e-34
2.843198e-35
5.926329e-36
1.349191e-35
6.266254e-36
1.160722e-37
4.013642e-37
1.045445e-38
1.184198e-39
2.418351e-41
4.721323e-42
2.914596e-44
1.396322e-45
9.360107e-48
8.856420e-50
1.383667e-52
3.253660e-56
2.697241e-57
5.954071e-60
2.718331e-63
8.571455e-66
2.304468e-69
4.518566e-73
6.126564e-77
3.740947e-80
1.337758e-83
1.442916e-87
3.530609e-92
2.058973e-96
5.373223e-101
7.983978e-105
6.021025e-100
2.989202e-95
5.330902e-91
9.446615e-87
3.983118e-83
5.113294e-79
2.509986e-75
2.574145e-72
7.240997e-69
2.660992e-65
5.726199e-63
2.603347e-59
2.500880e-57
1.940028e-54
1.555405e-51
3.148224e-49
5.368647e-48
3.697302e-45
3.088344e-43
2.400361e-42
1.965316e-40
5.351660e-39
1.355259e-38
8.172318e-37
1.521434e-36
3.733476e-35
1.072993e-34
1.613630e-34
9.561881e-34
9.699715e-34
9.561881e-34
1.613630e-34
1.072993e-34
3.733476e-35
1.521434e-36
8.172318e-37
1.355259e-38
5.351660e-39
1.965316e-40
2.400361e-42
3.088344e-43
3.697302e-45
5.368647e-48
3.148224e-49
1.555405e-51
1.940028e-54
2.500880e-57
2.603347e-59
5.726199e-63
2.660992e-65
7.240997e-69
2.574145e-72
2.509986e-75
5.113294e-79
3.983118e-83
9.446615e-87
5.330902e-91
2.989202e-95
6.021025e-100
