7.553899e-71
3.092991e-66
8.835680e-62
1.760984e-57
2.448639e-53
2.375462e-49
1.607775e-45
7.592009e-42
2.501163e-38
5.748854e-35
9.218804e-32
1.031387e-28
8.050504e-26
4.384078e-23
1.665665e-20
4.415204e-18
8.165221e-16
1.053511e-13
9.483405e-12
5.955846e-10
2.609616e-08
7.977443e-07
1.701394e-05
2.531628e-04
2.628143e-03
1.903497e-02
9.618540e-02
3.390941e-01
8.340368e-01
1.431213e+00
1.713473e+00
1.431213e+00
8.340368e-01
3.390941e-01
9.618540e-02
1.903497e-02
2.628143e-03
2.531628e-04
1.701394e-05
7.977443e-07
2.609616e-08
5.955846e-10
9.483405e-12
1.053511e-13
8.165221e-16
4.415204e-18
1.665665e-20
4.384078e-23
8.050504e-26
1.031387e-28
9.218804e-32
5.748854e-35
2.501163e-38
7.592009e-42
1.607775e-45
2.375462e-49
2.448639e-53
1.760984e-57
8.835680e-62
3.092991e-66
6.993335e-71
2.863464e-66
8.179997e-62
1.630304e-57
2.266929e-53
2.199182e-49
1.488465e-45
7.028617e-42
2.315555e-38
5.322240e-35
8.534690e-32
9.548497e-29
7.453088e-26
4.058742e-23
1.542058e-20
4.087558e-18
7.559292e-16
9.753316e-14
8.779655e-12
5.513871e-10
2.415960e-08
7.385449e-07
1.575136e-05
2.343760e-04
2.433112e-03
1.762241e-02
8.904762e-02
3.139304e-01
7.721442e-01
1.325005e+00
1.586319e+00
1.325005e+00
7.721442e-01
3.139304e-01
8.904762e-02
1.762241e-02
2.433112e-03
2.343760e-04
1.575136e-05
7.385449e-07
2.415960e-08
5.513871e-10
8.779655e-12
9.753316e-14
7.559292e-16
4.087558e-18
1.542058e-20
4.058742e-23
7.453088e-26
9.548497e-29
8.534690e-32
5.322240e-35
2.315555e-38
7.028617e-42
1.488465e-45
2.199182e-49
2.266929e-53
1.630304e-57
8.179997e-62
2.863464e-66
5.549117e-71
2.272120e-66
6.490716e-62
1.293624e-57
1.798777e-53
1.745021e-49
1.181077e-45
5.577112e-42
1.837362e-38
4.223125e-35
6.772160e-32
7.576602e-29
5.913924e-26
3.220557e-23
1.223602e-20
3.243422e-18
5.998195e-16
7.739124e-14
6.966537e-12
4.375182e-10
1.917032e-08
5.860253e-07
1.249849e-05
1.859742e-04
1.930642e-03
1.398314e-02
7.065808e-02
2.490995e-01
6.126859e-01
1.051373e+00
1.258722e+00
1.051373e+00
6.126859e-01
2.490995e-01
7.065808e-02
1.398314e-02
1.930642e-03
1.859742e-04
1.249849e-05
5.860253e-07
1.917032e-08
4.375182e-10
6.966537e-12
7.739124e-14
5.998195e-16
3.243422e-18
1.223602e-20
3.220557e-23
5.913924e-26
7.576602e-29
6.772160e-32
4.223125e-35
1.837362e-38
5.577112e-42
1.181077e-45
1.745021e-49
1.798777e-53
1.293624e-57
6.490716e-62
2.272120e-66
3.773894e-71
1.545244e-66
4.414266e-62
8.797795e-58
1.223329e-53
1.186770e-49
8.032373e-46
3.792933e-42
1.249570e-38
2.872102e-35
4.605673e-32
5.152765e-29
4.021995e-26
2.190266e-23
8.321585e-21
2.205816e-18
4.079307e-16
5.263294e-14
4.737866e-12
2.975514e-10
1.303752e-08
3.985494e-07
8.500086e-06
1.264790e-04
1.313008e-03
9.509783e-03
4.805379e-02
1.694099e-01
4.166810e-01
7.150275e-01
8.560433e-01
7.150275e-01
4.166810e-01
1.694099e-01
4.805379e-02
9.509783e-03
1.313008e-03
1.264790e-04
8.500086e-06
3.985494e-07
1.303752e-08
2.975514e-10
4.737866e-12
5.263294e-14
4.079307e-16
2.205816e-18
8.321585e-21
2.190266e-23
4.021995e-26
5.152765e-29
4.605673e-32
2.872102e-35
1.249570e-38
3.792933e-42
8.032373e-46
1.186770e-49
1.223329e-53
8.797795e-58
4.414266e-62
1.545244e-66
2.199793e-71
9.007188e-67
2.573064e-62
5.128212e-58
7.130752e-54
6.917652e-50
4.682050e-46
2.210891e-42
7.283710e-39
1.674141e-35
2.684635e-32
3.003534e-29
2.344411e-26
1.276700e-23
4.850631e-21
1.285764e-18
2.377818e-16
3.067961e-14
2.761690e-12
1.734419e-10
7.599539e-09
2.323135e-07
4.954679e-06
7.372429e-05
7.653493e-04
5.543228e-03
2.801043e-02
9.874858e-02
2.428823e-01
4.167877e-01
4.989855e-01
4.167877e-01
2.428823e-01
9.874858e-02
2.801043e-02
5.543228e-03
7.653493e-04
7.372429e-05
4.954679e-06
2.323135e-07
7.599539e-09
1.734419e-10
2.761690e-12
3.067961e-14
2.377818e-16
1.285764e-18
4.850631e-21
1.276700e-23
2.344411e-26
3.003534e-29
2.684635e-32
1.674141e-35
7.283710e-39
2.210891e-42
4.682050e-46
6.917652e-50
7.130752e-54
5.128212e-58
2.573064e-62
9.007188e-67
1.099007e-71
4.499951e-67
1.285491e-62
2.562032e-58
3.562492e-54
3.456028e-50
2.339131e-46
1.104551e-42
3.638909e-39
8.363931e-36
1.341231e-32
1.500552e-29
1.171257e-26
6.378337e-24
2.423353e-21
6.423621e-19
1.187947e-16
1.532739e-14
1.379728e-12
8.665080e-11
3.796695e-09
1.160628e-07
2.475335e-06
3.683232e-05
3.823650e-04
2.769372e-03
1.399389e-02
4.933434e-02
1.213429e-01
2.082253e-01
2.492909e-01
2.082253e-01
1.213429e-01
4.933434e-02
1.399389e-02
2.769372e-03
3.823650e-04
3.683232e-05
2.475335e-06
1.160628e-07
3.796695e-09
8.665080e-11
1.379728e-12
1.532739e-14
1.187947e-16
6.423621e-19
2.423353e-21
6.378337e-24
1.171257e-26
1.500552e-29
1.341231e-32
8.363931e-36
3.638909e-39
1.104551e-42
2.339131e-46
3.456028e-50
3.562492e-54
2.562032e-58
1.285491e-62
4.499951e-67
4.705927e-72
1.926871e-67
5.504450e-63
1.097057e-58
1.525452e-54
1.479865e-50
1.001612e-46
4.729668e-43
1.558174e-39
3.581420e-36
5.743129e-33
6.425336e-30
5.015302e-27
2.731192e-24
1.037675e-21
2.750583e-19
5.086768e-17
6.563162e-15
5.907970e-13
3.710372e-11
1.625738e-09
4.969786e-08
1.059934e-06
1.577153e-05
1.637280e-04
1.185840e-03
5.992156e-03
2.112488e-02
5.195881e-02
8.916168e-02
1.067459e-01
8.916168e-02
5.195881e-02
2.112488e-02
5.992156e-03
1.185840e-03
1.637280e-04
1.577153e-05
1.059934e-06
4.969786e-08
1.625738e-09
3.710372e-11
5.907970e-13
6.563162e-15
5.086768e-17
2.750583e-19
1.037675e-21
2.731192e-24
5.015302e-27
6.425336e-30
5.743129e-33
3.581420e-36
1.558174e-39
4.729668e-43
1.001612e-46
1.479865e-50
1.525452e-54
1.097057e-58
5.504450e-63
1.926871e-67
1.727095e-72
7.071698e-68
2.020157e-63
4.026248e-59
5.598476e-55
5.431167e-51
3.675958e-47
1.735809e-43
5.718566e-40
1.314397e-36
2.107753e-33
2.358126e-30
1.840637e-27
1.002359e-24
3.808313e-22
1.009476e-19
1.866866e-17
2.408709e-15
2.168250e-13
1.361722e-11
5.966529e-10
1.823933e-08
3.890003e-07
5.788221e-06
6.008889e-05
4.352084e-04
2.199147e-03
7.752921e-03
1.906911e-02
3.272272e-02
3.917621e-02
3.272272e-02
1.906911e-02
7.752921e-03
2.199147e-03
4.352084e-04
6.008889e-05
5.788221e-06
3.890003e-07
1.823933e-08
5.966529e-10
1.361722e-11
2.168250e-13
2.408709e-15
1.866866e-17
1.009476e-19
3.808313e-22
1.002359e-24
1.840637e-27
2.358126e-30
2.107753e-33
1.314397e-36
5.718566e-40
1.735809e-43
3.675958e-47
5.431167e-51
5.598476e-55
4.026248e-59
2.020157e-63
7.071698e-68
5.432676e-73
2.224443e-68
6.354518e-64
1.266479e-59
1.761032e-55
1.708404e-51
1.156293e-47
5.460084e-44
1.798807e-40
4.134509e-37
6.630056e-34
7.417618e-31
5.789829e-28
3.152978e-25
1.197926e-22
3.175363e-20
5.872332e-18
7.576729e-16
6.820354e-14
4.283375e-12
1.876805e-10
5.737284e-09
1.223623e-07
1.820718e-06
1.890130e-05
1.368973e-04
6.917542e-04
2.438725e-03
5.998296e-03
1.029312e-02
1.232310e-02
1.029312e-02
5.998296e-03
2.438725e-03
6.917542e-04
1.368973e-04
1.890130e-05
1.820718e-06
1.223623e-07
5.737284e-09
1.876805e-10
4.283375e-12
6.820354e-14
7.576729e-16
5.872332e-18
3.175363e-20
1.197926e-22
3.152978e-25
5.789829e-28
7.417618e-31
6.630056e-34
4.134509e-37
1.798807e-40
5.460084e-44
1.156293e-47
1.708404e-51
1.761032e-55
1.266479e-59
6.354518e-64
2.224443e-68
1.464663e-73
5.997152e-69
1.713194e-64
3.414458e-60
4.747786e-56
4.605900e-52
3.117395e-48
1.472052e-44
4.849628e-41
1.114674e-37
1.787479e-34
1.999808e-31
1.560952e-28
8.500506e-26
3.229639e-23
8.560856e-21
1.583195e-18
2.042705e-16
1.838784e-14
1.154808e-12
5.059913e-11
1.546786e-09
3.298916e-08
4.908699e-07
5.095836e-06
3.690783e-05
1.864986e-04
6.574862e-04
1.617155e-03
2.775049e-03
3.322337e-03
2.775049e-03
1.617155e-03
6.574862e-04
1.864986e-04
3.690783e-05
5.095836e-06
4.908699e-07
3.298916e-08
1.546786e-09
5.059913e-11
1.154808e-12
1.838784e-14
2.042705e-16
1.583195e-18
8.560856e-21
3.229639e-23
8.500506e-26
1.560952e-28
1.999808e-31
1.787479e-34
1.114674e-37
4.849628e-41
1.472052e-44
3.117395e-48
4.605900e-52
4.747786e-56
3.414458e-60
1.713194e-64
5.997152e-69
3.384448e-74
1.385783e-69
3.958736e-65
7.889908e-61
1.097088e-56
1.064301e-52
7.203474e-49
3.401522e-45
1.120621e-41
2.575716e-38
4.130391e-35
4.621026e-32
3.606946e-29
1.964242e-26
7.462840e-24
1.978187e-21
3.658344e-19
4.720149e-17
4.248943e-15
2.668456e-13
1.169212e-11
3.574212e-10
7.622922e-09
1.134270e-07
1.177513e-06
8.528423e-06
4.309489e-05
1.519276e-04
3.736817e-04
6.412404e-04
7.677041e-04
6.412404e-04
3.736817e-04
1.519276e-04
4.309489e-05
8.528423e-06
1.177513e-06
1.134270e-07
7.622922e-09
3.574212e-10
1.169212e-11
2.668456e-13
4.248943e-15
4.720149e-17
3.658344e-19
1.978187e-21
7.462840e-24
1.964242e-26
3.606946e-29
4.621026e-32
4.130391e-35
2.575716e-38
1.120621e-41
3.401522e-45
7.203474e-49
1.064301e-52
1.097088e-56
7.889908e-61
3.958736e-65
1.385783e-69
6.702924e-75
2.744553e-70
7.840307e-66
1.562602e-61
2.172790e-57
2.107857e-53
1.426653e-49
6.736740e-46
2.219398e-42
5.101224e-39
8.180271e-36
9.151977e-33
7.143584e-30
3.890195e-27
1.478021e-24
3.917814e-22
7.245378e-20
9.348291e-18
8.415064e-16
5.284897e-14
2.315633e-12
7.078754e-11
1.509725e-09
2.246431e-08
2.332073e-07
1.689060e-06
8.534975e-06
3.008938e-05
7.400794e-05
1.269981e-04
1.520444e-04
1.269981e-04
7.400794e-05
3.008938e-05
8.534975e-06
1.689060e-06
2.332073e-07
2.246431e-08
1.509725e-09
7.078754e-11
2.315633e-12
5.284897e-14
8.415064e-16
9.348291e-18
7.245378e-20
3.917814e-22
1.478021e-24
3.890195e-27
7.143584e-30
9.151977e-33
8.180271e-36
5.101224e-39
2.219398e-42
6.736740e-46
1.426653e-49
2.107857e-53
2.172790e-57
1.562602e-61
7.840307e-66
2.744553e-70
1.137803e-75
4.658805e-71
1.330871e-66
2.652475e-62
3.688252e-58
3.578030e-54
2.421705e-50
1.143543e-46
3.767367e-43
8.659189e-40
1.388579e-36
1.553523e-33
1.212604e-30
6.603501e-28
2.508901e-25
6.650383e-23
1.229883e-20
1.586847e-18
1.428434e-16
8.970969e-15
3.930724e-13
1.201599e-11
2.562718e-10
3.813255e-09
3.958630e-08
2.867134e-07
1.448789e-06
5.107591e-06
1.256265e-05
2.155759e-05
2.580912e-05
2.155759e-05
1.256265e-05
5.107591e-06
1.448789e-06
2.867134e-07
3.958630e-08
3.813255e-09
2.562718e-10
1.201599e-11
3.930724e-13
8.970969e-15
1.428434e-16
1.586847e-18
1.229883e-20
6.650383e-23
2.508901e-25
6.603501e-28
1.212604e-30
1.553523e-33
1.388579e-36
8.659189e-40
3.767367e-43
1.143543e-46
2.421705e-50
3.578030e-54
3.688252e-58
2.652475e-62
1.330871e-66
4.658805e-71
1.655375e-76
6.778033e-72
1.936266e-67
3.859050e-63
5.365989e-59
5.205628e-55
3.523307e-51
1.663726e-47
5.481092e-44
1.259814e-40
2.020225e-37
2.260200e-34
1.764201e-31
9.607345e-29
3.650166e-26
9.675554e-24
1.789341e-21
2.308682e-19
2.078210e-17
1.305174e-15
5.718757e-14
1.748191e-12
3.728464e-11
5.547854e-10
5.759358e-09
4.171355e-08
2.107823e-07
7.430966e-07
1.827723e-06
3.136385e-06
3.754934e-06
3.136385e-06
1.827723e-06
7.430966e-07
2.107823e-07
4.171355e-08
5.759358e-09
5.547854e-10
3.728464e-11
1.748191e-12
5.718757e-14
1.305174e-15
2.078210e-17
2.308682e-19
1.789341e-21
9.675554e-24
3.650166e-26
9.607345e-29
1.764201e-31
2.260200e-34
2.020225e-37
1.259814e-40
5.481092e-44
1.663726e-47
3.523307e-51
5.205628e-55
5.365989e-59
3.859050e-63
1.936266e-67
6.778033e-72
2.064200e-77
8.451994e-73
2.414463e-68
4.812114e-64
6.691220e-60
6.491254e-56
4.393453e-52
2.074614e-48
6.834749e-45
1.570948e-41
2.519156e-38
2.818399e-35
2.199904e-32
1.198006e-29
4.551642e-27
1.206511e-24
2.231251e-22
2.878854e-20
2.591462e-18
1.627511e-16
7.131110e-15
2.179939e-13
4.649277e-12
6.917999e-11
7.181739e-10
5.201549e-09
2.628390e-08
9.266181e-08
2.279113e-07
3.910973e-07
4.682285e-07
3.910973e-07
2.279113e-07
9.266181e-08
2.628390e-08
5.201549e-09
7.181739e-10
6.917999e-11
4.649277e-12
2.179939e-13
7.131110e-15
1.627511e-16
2.591462e-18
2.878854e-20
2.231251e-22
1.206511e-24
4.551642e-27
1.198006e-29
2.199904e-32
2.818399e-35
2.519156e-38
1.570948e-41
6.834749e-45
2.074614e-48
4.393453e-52
6.491254e-56
6.691220e-60
4.812114e-64
2.414463e-68
8.451994e-73
2.206143e-78
9.033190e-74
2.580492e-69
5.143016e-65
7.151337e-61
6.937622e-57
4.695566e-53
2.217273e-49
7.304737e-46
1.678974e-42
2.692385e-39
3.012204e-36
2.351179e-33
1.280386e-30
4.864633e-28
1.289476e-25
2.384682e-23
3.076817e-21
2.769663e-19
1.739426e-17
7.621477e-16
2.329841e-14
4.968982e-13
7.393711e-12
7.675587e-11
5.559230e-10
2.809129e-09
9.903365e-09
2.435835e-08
4.179909e-08
5.004260e-08
4.179909e-08
2.435835e-08
9.903365e-09
2.809129e-09
5.559230e-10
7.675587e-11
7.393711e-12
4.968982e-13
2.329841e-14
7.621477e-16
1.739426e-17
2.769663e-19
3.076817e-21
2.384682e-23
1.289476e-25
4.864633e-28
1.280386e-30
2.351179e-33
3.012204e-36
2.692385e-39
1.678974e-42
7.304737e-46
2.217273e-49
4.695566e-53
6.937622e-57
7.151337e-61
5.143016e-65
2.580492e-69
9.033190e-74
2.020903e-79
8.274713e-75
2.363820e-70
4.711180e-66
6.550871e-62
6.355100e-58
4.301300e-54
2.031099e-50
6.691390e-47
1.537998e-43
2.466317e-40
2.759283e-37
2.153761e-34
1.172878e-31
4.456171e-29
1.181205e-26
2.184451e-24
2.818470e-22
2.537106e-20
1.593374e-18
6.981535e-17
2.134214e-15
4.551758e-14
6.772894e-13
7.031102e-12
5.092446e-11
2.573259e-10
9.071823e-10
2.231308e-09
3.828940e-09
4.584074e-09
3.828940e-09
2.231308e-09
9.071823e-10
2.573259e-10
5.092446e-11
7.031102e-12
6.772894e-13
4.551758e-14
2.134214e-15
6.981535e-17
1.593374e-18
2.537106e-20
2.818470e-22
2.184451e-24
1.181205e-26
4.456171e-29
1.172878e-31
2.153761e-34
2.759283e-37
2.466317e-40
1.537998e-43
6.691390e-47
2.031099e-50
4.301300e-54
6.355100e-58
6.550871e-62
4.711180e-66
2.363820e-70
8.274713e-75
1.586936e-80
6.497808e-76
1.856215e-71
3.699505e-67
5.144142e-63
4.990411e-59
3.377642e-55
1.594942e-51
5.254486e-48
1.207729e-44
1.936702e-41
2.166756e-38
1.691264e-35
9.210147e-33
3.499257e-30
9.275536e-28
1.715364e-25
2.213234e-23
1.992290e-21
1.251214e-19
5.482326e-18
1.675915e-16
3.574317e-15
5.318488e-14
5.521248e-13
3.998898e-12
2.020679e-11
7.123747e-11
1.752159e-10
3.006717e-10
3.599694e-10
3.006717e-10
1.752159e-10
7.123747e-11
2.020679e-11
3.998898e-12
5.521248e-13
5.318488e-14
3.574317e-15
1.675915e-16
5.482326e-18
1.251214e-19
1.992290e-21
2.213234e-23
1.715364e-25
9.275536e-28
3.499257e-30
9.210147e-33
1.691264e-35
2.166756e-38
1.936702e-41
1.207729e-44
5.254486e-48
1.594942e-51
3.377642e-55
4.990411e-59
5.144142e-63
3.699505e-67
1.856215e-71
6.497808e-76
1.072147e-81
4.389971e-77
1.254074e-72
2.499415e-68
3.475424e-64
3.371562e-60
2.281962e-56
1.077556e-52
3.549973e-49
8.159516e-46
1.308452e-42
1.463878e-39
1.142631e-36
6.222450e-34
2.364126e-31
6.266627e-29
1.158914e-26
1.495279e-24
1.346007e-22
8.453305e-21
3.703904e-19
1.132262e-17
2.414838e-16
3.593213e-15
3.730200e-14
2.701688e-13
1.365187e-12
4.812861e-12
1.183773e-11
2.031362e-11
2.431982e-11
2.031362e-11
1.183773e-11
4.812861e-12
1.365187e-12
2.701688e-13
3.730200e-14
3.593213e-15
2.414838e-16
1.132262e-17
3.703904e-19
8.453305e-21
1.346007e-22
1.495279e-24
1.158914e-26
6.266627e-29
2.364126e-31
6.222450e-34
1.142631e-36
1.463878e-39
1.308452e-42
8.159516e-46
3.549973e-49
1.077556e-52
2.281962e-56
3.371562e-60
3.475424e-64
2.499415e-68
1.254074e-72
4.389971e-77
6.734290e-83
2.757396e-78
7.876995e-74
1.569914e-69
2.182958e-65
2.117721e-61
1.433329e-57
6.768264e-54
2.229783e-50
5.125095e-47
8.218549e-44
9.194803e-41
7.177012e-38
3.908399e-35
1.484937e-32
3.936147e-30
7.279282e-28
9.392035e-26
8.454441e-24
5.309627e-22
2.326469e-20
7.111878e-19
1.516790e-17
2.256943e-16
2.342986e-15
1.696964e-14
8.574914e-14
3.023018e-13
7.435426e-13
1.275924e-12
1.527559e-12
1.275924e-12
7.435426e-13
3.023018e-13
8.574914e-14
1.696964e-14
2.342986e-15
2.256943e-16
1.516790e-17
7.111878e-19
2.326469e-20
5.309627e-22
8.454441e-24
9.392035e-26
7.279282e-28
3.936147e-30
1.484937e-32
3.908399e-35
7.177012e-38
9.194803e-41
8.218549e-44
5.125095e-47
2.229783e-50
6.768264e-54
1.433329e-57
2.117721e-61
2.182958e-65
1.569914e-69
7.876995e-74
2.757396e-78
1.217580e-83
4.985458e-79
1.424185e-74
2.838454e-70
3.946855e-66
3.828904e-62
2.591504e-58
1.223723e-54
4.031517e-51
9.266330e-48
1.485939e-44
1.662449e-41
1.297626e-38
7.066507e-36
2.684813e-33
7.116676e-31
1.316117e-28
1.698109e-26
1.528589e-24
9.599971e-23
4.206327e-21
1.285850e-19
2.742403e-18
4.080622e-17
4.236190e-16
3.068164e-15
1.550371e-14
5.465711e-14
1.344348e-13
2.306910e-13
2.761873e-13
2.306910e-13
1.344348e-13
5.465711e-14
1.550371e-14
3.068164e-15
4.236190e-16
4.080622e-17
2.742403e-18
1.285850e-19
4.206327e-21
9.599971e-23
1.528589e-24
1.698109e-26
1.316117e-28
7.116676e-31
2.684813e-33
7.066507e-36
1.297626e-38
1.662449e-41
1.485939e-44
9.266330e-48
4.031517e-51
1.223723e-54
2.591504e-58
3.828904e-62
3.946855e-66
2.838454e-70
1.424185e-74
4.985458e-79
6.734290e-83
2.757396e-78
7.876995e-74
1.569914e-69
2.182958e-65
2.117721e-61
1.433329e-57
6.768264e-54
2.229783e-50
5.125095e-47
8.218549e-44
9.194803e-41
7.177012e-38
3.908399e-35
1.484937e-32
3.936147e-30
7.279282e-28
9.392035e-26
8.454441e-24
5.309627e-22
2.326469e-20
7.111878e-19
1.516790e-17
2.256943e-16
2.342986e-15
1.696964e-14
8.574914e-14
3.023018e-13
7.435426e-13
1.275924e-12
1.527559e-12
1.275924e-12
7.435426e-13
3.023018e-13
8.574914e-14
1.696964e-14
2.342986e-15
2.256943e-16
1.516790e-17
7.111878e-19
2.326469e-20
5.309627e-22
8.454441e-24
9.392035e-26
7.279282e-28
3.936147e-30
1.484937e-32
3.908399e-35
7.177012e-38
9.194803e-41
8.218549e-44
5.125095e-47
2.229783e-50
6.768264e-54
1.433329e-57
2.117721e-61
2.182958e-65
1.569914e-69
7.876995e-74
2.757396e-78
1.072147e-81
4.389971e-77
1.254074e-72
2.499415e-68
3.475424e-64
3.371562e-60
2.281962e-56
1.077556e-52
3.549973e-49
8.159516e-46
1.308452e-42
1.463878e-39
1.142631e-36
6.222450e-34
2.364126e-31
6.266627e-29
1.158914e-26
1.495279e-24
1.346007e-22
8.453305e-21
3.703904e-19
1.132262e-17
2.414838e-16
3.593213e-15
3.730200e-14
2.701688e-13
1.365187e-12
4.812861e-12
1.183773e-11
2.031362e-11
2.431982e-11
2.031362e-11
1.183773e-11
4.812861e-12
1.365187e-12
2.701688e-13
3.730200e-14
3.593213e-15
2.414838e-16
1.132262e-17
3.703904e-19
8.453305e-21
1.346007e-22
1.495279e-24
1.158914e-26
6.266627e-29
2.364126e-31
6.222450e-34
1.142631e-36
1.463878e-39
1.308452e-42
8.159516e-46
3.549973e-49
1.077556e-52
2.281962e-56
3.371562e-60
3.475424e-64
2.499415e-68
1.254074e-72
4.389971e-77
1.586936e-80
6.497808e-76
1.856215e-71
3.699505e-67
5.144142e-63
4.990411e-59
3.377642e-55
1.594942e-51
5.254486e-48
1.207729e-44
1.936702e-41
2.166756e-38
1.691264e-35
9.210147e-33
3.499257e-30
9.275536e-28
1.715364e-25
2.213234e-23
1.992290e-21
1.251214e-19
5.482326e-18
1.675915e-16
3.574317e-15
5.318488e-14
5.521248e-13
3.998898e-12
2.020679e-11
7.123747e-11
1.752159e-10
3.006717e-10
3.599694e-10
3.006717e-10
1.752159e-10
7.123747e-11
2.020679e-11
3.998898e-12
5.521248e-13
5.318488e-14
3.574317e-15
1.675915e-16
5.482326e-18
1.251214e-19
1.992290e-21
2.213234e-23
1.715364e-25
9.275536e-28
3.499257e-30
9.210147e-33
1.691264e-35
2.166756e-38
1.936702e-41
1.207729e-44
5.254486e-48
1.594942e-51
3.377642e-55
4.990411e-59
5.144142e-63
3.699505e-67
1.856215e-71
6.497808e-76
2.020903e-79
8.274713e-75
2.363820e-70
4.711180e-66
6.550871e-62
6.355100e-58
4.301300e-54
2.031099e-50
6.691390e-47
1.537998e-43
2.466317e-40
2.759283e-37
2.153761e-34
1.172878e-31
4.456171e-29
1.181205e-26
2.184451e-24
2.818470e-22
2.537106e-20
1.593374e-18
6.981535e-17
2.134214e-15
4.551758e-14
6.772894e-13
7.031102e-12
5.092446e-11
2.573259e-10
9.071823e-10
2.231308e-09
3.828940e-09
4.584074e-09
3.828940e-09
2.231308e-09
9.071823e-10
2.573259e-10
5.092446e-11
7.031102e-12
6.772894e-13
4.551758e-14
2.134214e-15
6.981535e-17
1.593374e-18
2.537106e-20
2.818470e-22
2.184451e-24
1.181205e-26
4.456171e-29
1.172878e-31
2.153761e-34
2.759283e-37
2.466317e-40
1.537998e-43
6.691390e-47
2.031099e-50
4.301300e-54
6.355100e-58
6.550871e-62
4.711180e-66
2.363820e-70
8.274713e-75
2.206143e-78
9.033190e-74
2.580492e-69
5.143016e-65
7.151337e-61
6.937622e-57
4.695566e-53
2.217273e-49
7.304737e-46
1.678974e-42
2.692385e-39
3.012204e-36
2.351179e-33
1.280386e-30
4.864633e-28
1.289476e-25
2.384682e-23
3.076817e-21
2.769663e-19
1.739426e-17
7.621477e-16
2.329841e-14
4.968982e-13
7.393711e-12
7.675587e-11
5.559230e-10
2.809129e-09
9.903365e-09
2.435835e-08
4.179909e-08
5.004260e-08
4.179909e-08
2.435835e-08
9.903365e-09
2.809129e-09
5.559230e-10
7.675587e-11
7.393711e-12
4.968982e-13
2.329841e-14
7.621477e-16
1.739426e-17
2.769663e-19
3.076817e-21
2.384682e-23
1.289476e-25
4.864633e-28
1.280386e-30
2.351179e-33
3.012204e-36
2.692385e-39
1.678974e-42
7.304737e-46
2.217273e-49
4.695566e-53
6.937622e-57
7.151337e-61
5.143016e-65
2.580492e-69
9.033190e-74
2.064200e-77
8.451994e-73
2.414463e-68
4.812114e-64
6.691220e-60
6.491254e-56
4.393453e-52
2.074614e-48
6.834749e-45
1.570948e-41
2.519156e-38
2.818399e-35
2.199904e-32
1.198006e-29
4.551642e-27
1.206511e-24
2.231251e-22
2.878854e-20
2.591462e-18
1.627511e-16
7.131110e-15
2.179939e-13
4.649277e-12
6.917999e-11
7.181739e-10
5.201549e-09
2.628390e-08
9.266181e-08
2.279113e-07
3.910973e-07
4.682285e-07
3.910973e-07
2.279113e-07
9.266181e-08
2.628390e-08
5.201549e-09
7.181739e-10
6.917999e-11
4.649277e-12
2.179939e-13
7.131110e-15
1.627511e-16
2.591462e-18
2.878854e-20
2.231251e-22
1.206511e-24
4.551642e-27
1.198006e-29
2.199904e-32
2.818399e-35
2.519156e-38
1.570948e-41
6.834749e-45
2.074614e-48
4.393453e-52
6.491254e-56
6.691220e-60
4.812114e-64
2.414463e-68
8.451994e-73
1.655375e-76
6.778033e-72
1.936266e-67
3.859050e-63
5.365989e-59
5.205628e-55
3.523307e-51
1.663726e-47
5.481092e-44
1.259814e-40
2.020225e-37
2.260200e-34
1.764201e-31
9.607345e-29
3.650166e-26
9.675554e-24
1.789341e-21
2.308682e-19
2.078210e-17
1.305174e-15
5.718757e-14
1.748191e-12
3.728464e-11
5.547854e-10
5.759358e-09
4.171355e-08
2.107823e-07
7.430966e-07
1.827723e-06
3.136385e-06
3.754934e-06
3.136385e-06
1.827723e-06
7.430966e-07
2.107823e-07
4.171355e-08
5.759358e-09
5.547854e-10
3.728464e-11
1.748191e-12
5.718757e-14
1.305174e-15
2.078210e-17
2.308682e-19
1.789341e-21
9.675554e-24
3.650166e-26
9.607345e-29
1.764201e-31
2.260200e-34
2.020225e-37
1.259814e-40
5.481092e-44
1.663726e-47
3.523307e-51
5.205628e-55
5.365989e-59
3.859050e-63
1.936266e-67
6.778033e-72
1.137803e-75
4.658805e-71
1.330871e-66
2.652475e-62
3.688252e-58
3.578030e-54
2.421705e-50
1.143543e-46
3.767367e-43
8.659189e-40
1.388579e-36
1.553523e-33
1.212604e-30
6.603501e-28
2.508901e-25
6.650383e-23
1.229883e-20
1.586847e-18
1.428434e-16
8.970969e-15
3.930724e-13
1.201599e-11
2.562718e-10
3.813255e-09
3.958630e-08
2.867134e-07
1.448789e-06
5.107591e-06
1.256265e-05
2.155759e-05
2.580912e-05
2.155759e-05
1.256265e-05
5.107591e-06
1.448789e-06
2.867134e-07
3.958630e-08
3.813255e-09
2.562718e-10
1.201599e-11
3.930724e-13
8.970969e-15
1.428434e-16
1.586847e-18
1.229883e-20
6.650383e-23
2.508901e-25
6.603501e-28
1.212604e-30
1.553523e-33
1.388579e-36
8.659189e-40
3.767367e-43
1.143543e-46
2.421705e-50
3.578030e-54
3.688252e-58
2.652475e-62
1.330871e-66
4.658805e-71
6.702924e-75
2.744553e-70
7.840307e-66
1.562602e-61
2.172790e-57
2.107857e-53
1.426653e-49
6.736740e-46
2.219398e-42
5.101224e-39
8.180271e-36
9.151977e-33
7.143584e-30
3.890195e-27
1.478021e-24
3.917814e-22
7.245378e-20
9.348291e-18
8.415064e-16
5.284897e-14
2.315633e-12
7.078754e-11
1.509725e-09
2.246431e-08
2.332073e-07
1.689060e-06
8.534975e-06
3.008938e-05
7.400794e-05
1.269981e-04
1.520444e-04
1.269981e-04
7.400794e-05
3.008938e-05
8.534975e-06
1.689060e-06
2.332073e-07
2.246431e-08
1.509725e-09
7.078754e-11
2.315633e-12
5.284897e-14
8.415064e-16
9.348291e-18
7.245378e-20
3.917814e-22
1.478021e-24
3.890195e-27
7.143584e-30
9.151977e-33
8.180271e-36
5.101224e-39
2.219398e-42
6.736740e-46
1.426653e-49
2.107857e-53
2.172790e-57
1.562602e-61
7.840307e-66
2.744553e-70
3.384448e-74
1.385783e-69
3.958736e-65
7.889908e-61
1.097088e-56
1.064301e-52
7.203474e-49
3.401522e-45
1.120621e-41
2.575716e-38
4.130391e-35
4.621026e-32
3.606946e-29
1.964242e-26
7.462840e-24
1.978187e-21
3.658344e-19
4.720149e-17
4.248943e-15
2.668456e-13
1.169212e-11
3.574212e-10
7.622922e-09
1.134270e-07
1.177513e-06
8.528423e-06
4.309489e-05
1.519276e-04
3.736817e-04
6.412404e-04
7.677041e-04
6.412404e-04
3.736817e-04
1.519276e-04
4.309489e-05
8.528423e-06
1.177513e-06
1.134270e-07
7.622922e-09
3.574212e-10
1.169212e-11
2.668456e-13
4.248943e-15
4.720149e-17
3.658344e-19
1.978187e-21
7.462840e-24
1.964242e-26
3.606946e-29
4.621026e-32
4.130391e-35
2.575716e-38
1.120621e-41
3.401522e-45
7.203474e-49
1.064301e-52
1.097088e-56
7.889908e-61
3.958736e-65
1.385783e-69
1.464663e-73
5.997152e-69
1.713194e-64
3.414458e-60
4.747786e-56
4.605900e-52
3.117395e-48
1.472052e-44
4.849628e-41
1.114674e-37
1.787479e-34
1.999808e-31
1.560952e-28
8.500506e-26
3.229639e-23
8.560856e-21
1.583195e-18
2.042705e-16
1.838784e-14
1.154808e-12
5.059913e-11
1.546786e-09
3.298916e-08
4.908699e-07
5.095836e-06
3.690783e-05
1.864986e-04
6.574862e-04
1.617155e-03
2.775049e-03
3.322337e-03
2.775049e-03
1.617155e-03
6.574862e-04
1.864986e-04
3.690783e-05
5.095836e-06
4.908699e-07
3.298916e-08
1.546786e-09
5.059913e-11
1.154808e-12
1.838784e-14
2.042705e-16
1.583195e-18
8.560856e-21
3.229639e-23
8.500506e-26
1.560952e-28
1.999808e-31
1.787479e-34
1.114674e-37
4.849628e-41
1.472052e-44
3.117395e-48
4.605900e-52
4.747786e-56
3.414458e-60
1.713194e-64
5.997152e-69
5.432676e-73
2.224443e-68
6.354518e-64
1.266479e-59
1.761032e-55
1.708404e-51
1.156293e-47
5.460084e-44
1.798807e-40
4.134509e-37
6.630056e-34
7.417618e-31
5.789829e-28
3.152978e-25
1.197926e-22
3.175363e-20
5.872332e-18
7.576729e-16
6.820354e-14
4.283375e-12
1.876805e-10
5.737284e-09
1.223623e-07
1.820718e-06
1.890130e-05
1.368973e-04
6.917542e-04
2.438725e-03
5.998296e-03
1.029312e-02
1.232310e-02
1.029312e-02
5.998296e-03
2.438725e-03
6.917542e-04
1.368973e-04
1.890130e-05
1.820718e-06
1.223623e-07
5.737284e-09
1.876805e-10
4.283375e-12
6.820354e-14
7.576729e-16
5.872332e-18
3.175363e-20
1.197926e-22
3.152978e-25
5.789829e-28
7.417618e-31
6.630056e-34
4.134509e-37
1.798807e-40
5.460084e-44
1.156293e-47
1.708404e-51
1.761032e-55
1.266479e-59
6.354518e-64
2.224443e-68
1.727095e-72
7.071698e-68
2.020157e-63
4.026248e-59
5.598476e-55
5.431167e-51
3.675958e-47
1.735809e-43
5.718566e-40
1.314397e-36
2.107753e-33
2.358126e-30
1.840637e-27
1.002359e-24
3.808313e-22
1.009476e-19
1.866866e-17
2.408709e-15
2.168250e-13
1.361722e-11
5.966529e-10
1.823933e-08
3.890003e-07
5.788221e-06
6.008889e-05
4.352084e-04
2.199147e-03
7.752921e-03
1.906911e-02
3.272272e-02
3.917621e-02
3.272272e-02
1.906911e-02
7.752921e-03
2.199147e-03
4.352084e-04
6.008889e-05
5.788221e-06
3.890003e-07
1.823933e-08
5.966529e-10
1.361722e-11
2.168250e-13
2.408709e-15
1.866866e-17
1.009476e-19
3.808313e-22
1.002359e-24
1.840637e-27
2.358126e-30
2.107753e-33
1.314397e-36
5.718566e-40
1.735809e-43
3.675958e-47
5.431167e-51
5.598476e-55
4.026248e-59
2.020157e-63
7.071698e-68
4.705927e-72
1.926871e-67
5.504450e-63
1.097057e-58
1.525452e-54
1.479865e-50
1.001612e-46
4.729668e-43
1.558174e-39
3.581420e-36
5.743129e-33
6.425336e-30
5.015302e-27
2.731192e-24
1.037675e-21
2.750583e-19
5.086768e-17
6.563162e-15
5.907970e-13
3.710372e-11
1.625738e-09
4.969786e-08
1.059934e-06
1.577153e-05
1.637280e-04
1.185840e-03
5.992156e-03
2.112488e-02
5.195881e-02
8.916168e-02
1.067459e-01
8.916168e-02
5.195881e-02
2.112488e-02
5.992156e-03
1.185840e-03
1.637280e-04
1.577153e-05
1.059934e-06
4.969786e-08
1.625738e-09
3.710372e-11
5.907970e-13
6.563162e-15
5.086768e-17
2.750583e-19
1.037675e-21
2.731192e-24
5.015302e-27
6.425336e-30
5.743129e-33
3.581420e-36
1.558174e-39
4.729668e-43
1.001612e-46
1.479865e-50
1.525452e-54
1.097057e-58
5.504450e-63
1.926871e-67
1.099007e-71
4.499951e-67
1.285491e-62
2.562032e-58
3.562492e-54
3.456028e-50
2.339131e-46
1.104551e-42
3.638909e-39
8.363931e-36
1.341231e-32
1.500552e-29
1.171257e-26
6.378337e-24
2.423353e-21
6.423621e-19
1.187947e-16
1.532739e-14
1.379728e-12
8.665080e-11
3.796695e-09
1.160628e-07
2.475335e-06
3.683232e-05
3.823650e-04
2.769372e-03
1.399389e-02
4.933434e-02
1.213429e-01
2.082253e-01
2.492909e-01
2.082253e-01
1.213429e-01
4.933434e-02
1.399389e-02
2.769372e-03
3.823650e-04
3.683232e-05
2.475335e-06
1.160628e-07
3.796695e-09
8.665080e-11
1.379728e-12
1.532739e-14
1.187947e-16
6.423621e-19
2.423353e-21
6.378337e-24
1.171257e-26
1.500552e-29
1.341231e-32
8.363931e-36
3.638909e-39
1.104551e-42
2.339131e-46
3.456028e-50
3.562492e-54
2.562032e-58
1.285491e-62
4.499951e-67
2.199793e-71
9.007188e-67
2.573064e-62
5.128212e-58
7.130752e-54
6.917652e-50
4.682050e-46
2.210891e-42
7.283710e-39
1.674141e-35
2.684635e-32
3.003534e-29
2.344411e-26
1.276700e-23
4.850631e-21
1.285764e-18
2.377818e-16
3.067961e-14
2.761690e-12
1.734419e-10
7.599539e-09
2.323135e-07
4.954679e-06
7.372429e-05
7.653493e-04
5.543228e-03
2.801043e-02
9.874858e-02
2.428823e-01
4.167877e-01
4.989855e-01
4.167877e-01
2.428823e-01
9.874858e-02
2.801043e-02
5.543228e-03
7.653493e-04
7.372429e-05
4.954679e-06
2.323135e-07
7.599539e-09
1.734419e-10
2.761690e-12
3.067961e-14
2.377818e-16
1.285764e-18
4.850631e-21
1.276700e-23
2.344411e-26
3.003534e-29
2.684635e-32
1.674141e-35
7.283710e-39
2.210891e-42
4.682050e-46
6.917652e-50
7.130752e-54
5.128212e-58
2.573064e-62
9.007188e-67
3.773894e-71
1.545244e-66
4.414266e-62
8.797795e-58
1.223329e-53
1.186770e-49
8.032373e-46
3.792933e-42
1.249570e-38
2.872102e-35
4.605673e-32
5.152765e-29
4.021995e-26
2.190266e-23
8.321585e-21
2.205816e-18
4.079307e-16
5.263294e-14
4.737866e-12
2.975514e-10
1.303752e-08
3.985494e-07
8.500086e-06
1.264790e-04
1.313008e-03
9.509783e-03
4.805379e-02
1.694099e-01
4.166810e-01
7.150275e-01
8.560433e-01
7.150275e-01
4.166810e-01
1.694099e-01
4.805379e-02
9.509783e-03
1.313008e-03
1.264790e-04
8.500086e-06
3.985494e-07
1.303752e-08
2.975514e-10
4.737866e-12
5.263294e-14
4.079307e-16
2.205816e-18
8.321585e-21
2.190266e-23
4.021995e-26
5.152765e-29
4.605673e-32
2.872102e-35
1.249570e-38
3.792933e-42
8.032373e-46
1.186770e-49
1.223329e-53
8.797795e-58
4.414266e-62
1.545244e-66
5.549117e-71
2.272120e-66
6.490716e-62
1.293624e-57
1.798777e-53
1.745021e-49
1.181077e-45
5.577112e-42
1.837362e-38
4.223125e-35
6.772160e-32
7.576602e-29
5.913924e-26
3.220557e-23
1.223602e-20
3.243422e-18
5.998195e-16
7.739124e-14
6.966537e-12
4.375182e-10
1.917032e-08
5.860253e-07
1.249849e-05
1.859742e-04
1.930642e-03
1.398314e-02
7.065808e-02
2.490995e-01
6.126859e-01
1.051373e+00
1.258722e+00
1.051373e+00
6.126859e-01
2.490995e-01
7.065808e-02
1.398314e-02
1.930642e-03
1.859742e-04
1.249849e-05
5.860253e-07
1.917032e-08
4.375182e-10
6.966537e-12
7.739124e-14
5.998195e-16
3.243422e-18
1.223602e-20
3.220557e-23
5.913924e-26
7.576602e-29
6.772160e-32
4.223125e-35
1.837362e-38
5.577112e-42
1.181077e-45
1.745021e-49
1.798777e-53
1.293624e-57
6.490716e-62
2.272120e-66
6.993335e-71
2.863464e-66
8.179997e-62
1.630304e-57
2.266929e-53
2.199182e-49
1.488465e-45
7.028617e-42
2.315555e-38
5.322240e-35
8.534690e-32
9.548497e-29
7.453088e-26
4.058742e-23
1.542058e-20
4.087558e-18
7.559292e-16
9.753316e-14
8.779655e-12
5.513871e-10
2.415960e-08
7.385449e-07
1.575136e-05
2.343760e-04
2.433112e-03
1.762241e-02
8.904762e-02
3.139304e-01
7.721442e-01
1.325005e+00
1.586319e+00
1.325005e+00
7.721442e-01
3.139304e-01
8.904762e-02
1.762241e-02
2.433112e-03
2.343760e-04
1.575136e-05
7.385449e-07
2.415960e-08
5.513871e-10
8.779655e-12
9.753316e-14
7.559292e-16
4.087558e-18
1.542058e-20
4.058742e-23
7.453088e-26
9.548497e-29
8.534690e-32
5.322240e-35
2.315555e-38
7.028617e-42
1.488465e-45
2.199182e-49
2.266929e-53
1.630304e-57
8.179997e-62
2.863464e-66
