1.000000e-01 
3.000000e-01 
5.000000e-01 
7.000000e-01 
9.000000e-01 
1.100000e+00 
1.300000e+00 
1.500000e+00 
1.700000e+00 
1.900000e+00 
2.100000e+00 
2.300000e+00 
2.500000e+00 
2.700000e+00 
2.900000e+00 
3.100000e+00 
3.300000e+00 
3.500000e+00 
3.700000e+00 
3.900000e+00 
4.100000e+00 
4.300000e+00 
4.500000e+00 
4.700000e+00 
4.900000e+00 
5.100000e+00 
5.300000e+00 
5.500000e+00 
5.700000e+00 
5.900000e+00 
6.100000e+00 
6.300000e+00 
6.500000e+00 
6.700000e+00 
6.900000e+00 
7.100000e+00 
7.300000e+00 
7.500000e+00 
7.700000e+00 
7.900000e+00 
8.100000e+00 
8.300000e+00 
8.500000e+00 
8.700000e+00 
8.900000e+00 
9.100000e+00 
9.300000e+00 
9.500000e+00 
9.700000e+00 
9.900000e+00 
1.010000e+01 
1.030000e+01 
1.050000e+01 
1.070000e+01 
1.090000e+01 
1.110000e+01 
1.130000e+01 
1.150000e+01 
1.170000e+01 
1.190000e+01 
1.210000e+01 
1.230000e+01 
1.250000e+01 
1.270000e+01 
1.290000e+01 
1.310000e+01 
1.330000e+01 
1.350000e+01 
1.370000e+01 
1.390000e+01 
1.410000e+01 
1.430000e+01 
1.450000e+01 
1.470000e+01 
1.490000e+01 
1.510000e+01 
1.530000e+01 
1.550000e+01 
1.570000e+01 
1.590000e+01 
1.610000e+01 
1.630000e+01 
1.650000e+01 
1.670000e+01 
1.690000e+01 
1.710000e+01 
1.730000e+01 
1.750000e+01 
1.770000e+01 
1.790000e+01 
1.810000e+01 
1.830000e+01 
1.850000e+01 
1.870000e+01 
1.890000e+01 
1.910000e+01 
1.930000e+01 
1.950000e+01 
1.970000e+01 
1.990000e+01 
-9.950000e+00 
-9.850000e+00 
-9.750000e+00 
-9.650000e+00 
-9.550000e+00 
-9.450000e+00 
-9.350000e+00 
-9.250000e+00 
-9.150000e+00 
-9.050000e+00 
-8.950000e+00 
-8.850000e+00 
-8.750000e+00 
-8.650000e+00 
-8.550000e+00 
-8.450000e+00 
-8.350000e+00 
-8.250000e+00 
-8.150000e+00 
-8.050000e+00 
-7.950000e+00 
-7.850000e+00 
-7.750000e+00 
-7.650000e+00 
-7.550000e+00 
-7.450000e+00 
-7.350000e+00 
-7.250000e+00 
-7.150000e+00 
-7.050000e+00 
-6.950000e+00 
-6.850000e+00 
-6.750000e+00 
-6.650000e+00 
-6.550000e+00 
-6.450000e+00 
-6.350000e+00 
-6.250000e+00 
-6.150000e+00 
-6.050000e+00 
-5.950000e+00 
-5.850000e+00 
-5.750000e+00 
-5.650000e+00 
-5.550000e+00 
-5.450000e+00 
-5.350000e+00 
-5.250000e+00 
-5.150000e+00 
-5.050000e+00 
-4.950000e+00 
-4.850000e+00 
-4.750000e+00 
-4.650000e+00 
-4.550000e+00 
-4.450000e+00 
-4.350000e+00 
-4.250000e+00 
-4.150000e+00 
-4.050000e+00 
-3.950000e+00 
-3.850000e+00 
-3.750000e+00 
-3.650000e+00 
-3.550000e+00 
-3.450000e+00 
-3.350000e+00 
-3.250000e+00 
-3.150000e+00 
-3.050000e+00 
-2.950000e+00 
-2.850000e+00 
-2.750000e+00 
-2.650000e+00 
-2.550000e+00 
-2.450000e+00 
-2.350000e+00 
-2.250000e+00 
-2.150000e+00 
-2.050000e+00 
-1.950000e+00 
-1.850000e+00 
-1.750000e+00 
-1.650000e+00 
-1.550000e+00 
-1.450000e+00 
-1.350000e+00 
-1.250000e+00 
-1.150000e+00 
-1.050000e+00 
-9.500000e-01 
-8.500000e-01 
-7.500000e-01 
-6.500000e-01 
-5.500000e-01 
-4.500000e-01 
-3.500000e-01 
-2.500000e-01 
-1.500000e-01 
-5.000000e-02 
5.000000e-02 
1.500000e-01 
2.500000e-01 
3.500000e-01 
4.500000e-01 
5.500000e-01 
6.500000e-01 
7.500000e-01 
8.500000e-01 
9.500000e-01 
1.050000e+00 
1.150000e+00 
1.250000e+00 
1.350000e+00 
1.450000e+00 
1.550000e+00 
1.650000e+00 
1.750000e+00 
1.850000e+00 
1.950000e+00 
2.050000e+00 
2.150000e+00 
2.250000e+00 
2.350000e+00 
2.450000e+00 
2.550000e+00 
2.650000e+00 
2.750000e+00 
2.850000e+00 
2.950000e+00 
3.050000e+00 
3.150000e+00 
3.250000e+00 
3.350000e+00 
3.450000e+00 
3.550000e+00 
3.650000e+00 
3.750000e+00 
3.850000e+00 
3.950000e+00 
4.050000e+00 
4.150000e+00 
4.250000e+00 
4.350000e+00 
4.450000e+00 
4.550000e+00 
4.650000e+00 
4.750000e+00 
4.850000e+00 
4.950000e+00 
5.050000e+00 
5.150000e+00 
5.250000e+00 
5.350000e+00 
5.450000e+00 
5.550000e+00 
5.650000e+00 
5.750000e+00 
5.850000e+00 
5.950000e+00 
6.050000e+00 
6.150000e+00 
6.250000e+00 
6.350000e+00 
6.450000e+00 
6.550000e+00 
6.650000e+00 
6.750000e+00 
6.850000e+00 
6.950000e+00 
7.050000e+00 
7.150000e+00 
7.250000e+00 
7.350000e+00 
7.450000e+00 
7.550000e+00 
7.650000e+00 
7.750000e+00 
7.850000e+00 
7.950000e+00 
8.050000e+00 
8.150000e+00 
8.250000e+00 
8.350000e+00 
8.450000e+00 
8.550000e+00 
8.650000e+00 
8.750000e+00 
8.850000e+00 
8.950000e+00 
9.050000e+00 
9.150000e+00 
9.250000e+00 
9.350000e+00 
9.450000e+00 
9.550000e+00 
9.650000e+00 
9.750000e+00 
9.850000e+00 
9.950000e+00 
