1.52981212067274525e-01 1.00100100100100106e-01
3.51155715771239774e-01 3.00300300300300305e-01
5.50500547027623410e-01 5.00500500500500545e-01
7.50109805195948498e-01 7.00700700700700785e-01
9.49819366736019632e-01 9.00900900900901025e-01
1.14957746532149785e+00 1.10110110110110115e+00
1.34936268919179536e+00 1.30130130130130128e+00
1.54916459519727145e+00 1.50150150150150141e+00
1.74897748741321490e+00 1.70170170170170154e+00
1.94879799648967666e+00 1.90190190190190167e+00
2.14862400239531404e+00 2.10210210210210180e+00
2.34845410473834182e+00 2.30230230230230193e+00
2.54828734141182345e+00 2.50250250250250206e+00
2.74812302962543242e+00 2.70270270270270219e+00
2.94796067142910845e+00 2.90290290290290232e+00
3.14779989514469305e+00 3.10310310310310244e+00
3.34764041773515775e+00 3.30330330330330257e+00
3.54748201987165901e+00 3.50350350350350270e+00
3.74732452896666901e+00 3.70370370370370283e+00
3.94716780735441874e+00 3.90390390390390296e+00
4.14701174388476801e+00 4.10410410410410353e+00
4.34685624783339009e+00 4.30430430430430366e+00
4.54670124441642098e+00 4.50450450450450379e+00
4.74654667143718445e+00 4.70470470470470392e+00
4.94639247674514859e+00 4.90490490490490405e+00
5.14623861628649593e+00 5.10510510510510418e+00
5.34608505259163547e+00 5.30530530530530431e+00
5.54593175358952717e+00 5.50550550550550444e+00
5.74577869166928501e+00 5.70570570570570457e+00
5.94562584293094165e+00 5.90590590590590470e+00
6.14547318658231578e+00 6.10610610610610482e+00
6.34532070444980789e+00 6.30630630630630495e+00
6.54516838057877148e+00 6.50650650650650508e+00
6.74501620090490039e+00 6.70670670670670521e+00
6.94486415298234139e+00 6.90690690690690534e+00
7.14471222575740406e+00 7.10710710710710547e+00
7.34456040937921184e+00 7.30730730730730560e+00
7.54440869504043743e+00 7.50750750750750573e+00
7.74425707484268511e+00 7.70770770770770586e+00
7.94410554168219907e+00 7.90790790790790599e+00
8.14395408915237518e+00 8.10810810810810700e+00
8.34380271146029351e+00 8.30830830830830713e+00
8.54365140335496243e+00 8.50850850850850726e+00
8.74350016006539832e+00 8.70870870870870739e+00
8.94334897724699651e+00 8.90890890890890752e+00
9.14319785093494808e+00 9.10910910910910765e+00
9.34304677750362167e+00 9.30930930930930778e+00
9.54289575363106835e+00 9.50950950950950791e+00
9.74274477626785718e+00 9.70970970970970804e+00
9.94259384260971402e+00 9.90990990990990817e+00
1.01424429500733613e+01 1.01101101101101083e+01
1.03422920962751590e+01 1.03103103103103084e+01
1.05421412790122151e+01 1.05105105105105086e+01
1.07419904962455295e+01 1.07107107107107087e+01
1.09418397460850727e+01 1.09109109109109088e+01
1.11416890267764046e+01 1.11111111111111089e+01
1.13415383366887212e+01 1.13113113113113091e+01
1.15413876743041808e+01 1.15115115115115092e+01
1.17412370382082560e+01 1.17117117117117093e+01
1.19410864270811210e+01 1.19119119119119095e+01
1.21409358396898366e+01 1.21121121121121096e+01
1.23407852748813305e+01 1.23123123123123097e+01
1.25406347315760129e+01 1.25125125125125098e+01
1.27404842087620409e+01 1.27127127127127100e+01
1.29403337054900689e+01 1.29129129129129101e+01
1.31401832208685008e+01 1.31131131131131102e+01
1.33400327540591679e+01 1.33133133133133104e+01
1.35398823042733820e+01 1.35135135135135105e+01
1.37397318707683382e+01 1.37137137137137106e+01
1.39395814528438304e+01 1.39139139139139107e+01
1.41394310498392315e+01 1.41141141141141109e+01
1.43392806611307506e+01 1.43143143143143110e+01
1.45391302861288825e+01 1.45145145145145111e+01
1.47389799242760979e+01 1.47147147147147113e+01
1.49388295750447018e+01 1.49149149149149114e+01
1.51386792379348556e+01 1.51151151151151115e+01
1.53385289124727802e+01 1.53153153153153117e+01
1.55383785982090608e+01 1.55155155155155118e+01
1.57382282947171106e+01 1.57157157157157119e+01
1.59380780015917409e+01 1.59159159159159120e+01
1.61379277184478340e+01 1.61161161161161139e+01
1.63377774449191087e+01 1.63163163163163141e+01
1.65376271806569868e+01 1.65165165165165142e+01
1.67374769253295526e+01 1.67167167167167143e+01
1.69373266786205434e+01 1.69169169169169145e+01
1.71371764402284441e+01 1.71171171171171146e+01
1.73370262098656553e+01 1.73173173173173147e+01
1.75368759872576803e+01 1.75175175175175148e+01
1.77367257721423925e+01 1.77177177177177150e+01
1.79365755642693401e+01 1.79179179179179151e+01
1.81364253633991304e+01 1.81181181181181152e+01
1.83362751693027910e+01 1.83183183183183154e+01
1.85361249817612226e+01 1.85185185185185155e+01
1.87359748005646871e+01 1.87187187187187156e+01
1.89358246255122822e+01 1.89189189189189158e+01
1.91356744564115147e+01 1.91191191191191159e+01
1.93355242930778424e+01 1.93193193193193160e+01
1.95353741353342798e+01 1.95195195195195161e+01
1.97352239830109966e+01 1.97197197197197163e+01
1.99350738359449799e+01 1.99199199199199164e+01
2.01349236939796974e+01 2.01201201201201165e+01
2.03347735569647625e+01 2.03203203203203167e+01
2.05346234247556367e+01 2.05205205205205168e+01
2.07344732972133698e+01 2.07207207207207169e+01
2.09343231742042981e+01 2.09209209209209170e+01
2.11341730555998311e+01 2.11211211211211172e+01
2.13340229412761815e+01 2.13213213213213173e+01
2.15338728311141701e+01 2.15215215215215174e+01
2.17337227249989944e+01 2.17217217217217176e+01
2.19335726228200372e+01 2.19219219219219177e+01
2.21334225244706779e+01 2.21221221221221178e+01
2.23332724298481082e+01 2.23223223223223179e+01
2.25331223388531683e+01 2.25225225225225181e+01
2.27329722513901906e+01 2.27227227227227182e+01
2.29328221673668295e+01 2.29229229229229183e+01
2.31326720866939475e+01 2.31231231231231185e+01
2.33325220092854551e+01 2.33233233233233186e+01
2.35323719350581761e+01 2.35235235235235187e+01
2.37322218639317519e+01 2.37237237237237188e+01
2.39320717958284952e+01 2.39239239239239190e+01
2.41319217306733016e+01 2.41241241241241191e+01
2.43317716683935252e+01 2.43243243243243192e+01
2.45316216089188934e+01 2.45245245245245194e+01
2.47314715521814108e+01 2.47247247247247195e+01
2.49313214981152456e+01 2.49249249249249196e+01
2.51311714466566798e+01 2.51251251251251198e+01
2.53310213977439815e+01 2.53253253253253199e+01
2.55308713513173799e+01 2.55255255255255200e+01
2.57307213073189445e+01 2.57257257257257201e+01
2.59305712656925351e+01 2.59259259259259203e+01
2.61304212263837172e+01 2.61261261261261204e+01
2.63302711893397330e+01 2.63263263263263205e+01
2.65301211545093878e+01 2.65265265265265207e+01
2.67299711218430360e+01 2.67267267267267208e+01
2.69298210912925029e+01 2.69269269269269209e+01
2.71296710628110347e+01 2.71271271271271210e+01
2.73295210363532277e+01 2.73273273273273212e+01
2.75293710118750212e+01 2.75275275275275213e+01
2.77292209893336086e+01 2.77277277277277214e+01
2.79290709686874123e+01 2.79279279279279216e+01
2.81289209498960453e+01 2.81281281281281217e+01
2.83287709329202393e+01 2.83283283283283218e+01
2.85286209177218559e+01 2.85285285285285219e+01
2.87284709042637907e+01 2.87287287287287221e+01
2.89283208925099729e+01 2.89289289289289222e+01
2.91281708824253371e+01 2.91291291291291223e+01
2.93280208739757491e+01 2.93293293293293225e+01
2.95278708671280121e+01 2.95295295295295226e+01
2.97277208618498179e+01 2.97297297297297227e+01
2.99275708581097355e+01 2.99299299299299228e+01
3.01274208558771441e+01 3.01301301301301230e+01
3.03272708551222472e+01 3.03303303303303231e+01
3.05271208558160190e+01 3.05305305305305232e+01
3.07269708579302048e+01 3.07307307307307234e+01
3.09268208614372497e+01 3.09309309309309235e+01
3.11266708663103415e+01 3.11311311311311236e+01
3.13265208725233286e+01 3.13313313313313238e+01
3.15263708800507345e+01 3.15315315315315239e+01
3.17262208888677115e+01 3.17317317317317240e+01
3.19260708989500515e+01 3.19319319319319241e+01
3.21259209102741323e+01 3.21321321321321278e+01
3.23257709228169361e+01 3.23323323323323280e+01
3.25256209365559812e+01 3.25325325325325281e+01
3.27254709514693616e+01 3.27327327327327282e+01
3.29253209675356970e+01 3.29329329329329283e+01
3.31251709847341118e+01 3.31331331331331285e+01
3.33250210030442346e+01 3.33333333333333286e+01
3.35248710224462059e+01 3.35335335335335287e+01
3.37247210429205921e+01 3.37337337337337289e+01
3.39245710644484504e+01 3.39339339339339290e+01
3.41244210870112781e+01 3.41341341341341291e+01
3.43242711105909777e+01 3.43343343343343292e+01
3.45241211351699064e+01 3.45345345345345294e+01
3.47239711607308124e+01 3.47347347347347295e+01
3.49238211872568343e+01 3.49349349349349296e+01
3.51236712147314947e+01 3.51351351351351298e+01
3.53235212431386927e+01 3.53353353353353299e+01
3.55233712724626898e+01 3.55355355355355300e+01
3.57232213026881027e+01 3.57357357357357301e+01
3.59230713337998822e+01 3.59359359359359303e+01
3.61229213657833199e+01 3.61361361361361304e+01
3.63227713986240275e+01 3.63363363363363305e+01
3.65226214323079361e+01 3.65365365365365307e+01
3.67224714668212755e+01 3.67367367367367308e+01
3.69223215021505737e+01 3.69369369369369309e+01
3.71221715382826716e+01 3.71371371371371310e+01
3.73220215752046371e+01 3.73373373373373312e+01
3.75218716129038796e+01 3.75375375375375313e+01
3.77217216513680285e+01 3.77377377377377314e+01
3.79215716905850186e+01 3.79379379379379316e+01
3.81214217305429699e+01 3.81381381381381317e+01
3.83212717712303146e+01 3.83383383383383318e+01
3.85211218126356911e+01 3.85385385385385320e+01
3.87209718547479866e+01 3.87387387387387321e+01
3.89208218975563156e+01 3.89389389389389322e+01
3.91206719410499915e+01 3.91391391391391323e+01
3.93205219852185905e+01 3.93393393393393325e+01
3.95203720300518526e+01 3.95395395395395326e+01
3.97202220755397590e+01 3.97397397397397327e+01
3.99200721216724759e+01 3.99399399399399329e+01
4.01199221684403611e+01 4.01401401401401330e+01
4.03197722158339715e+01 4.03403403403403331e+01
4.05196222638440489e+01 4.05405405405405332e+01
4.07194723124615265e+01 4.07407407407407334e+01
4.09193223616774802e+01 4.09409409409409335e+01
4.11191724114832056e+01 4.11411411411411336e+01
4.13190224618701407e+01 4.13413413413413338e+01
4.15188725128298941e+01 4.15415415415415339e+01
4.17187225643542234e+01 4.17417417417417340e+01
4.19185726164350640e+01 4.19419419419419341e+01
4.21184226690644863e+01 4.21421421421421343e+01
4.23182727222347310e+01 4.23423423423423344e+01
4.25181227759381599e+01 4.25425425425425345e+01
4.27179728301672910e+01 4.27427427427427347e+01
4.29178228849147843e+01 4.29429429429429348e+01
4.31176729401734278e+01 4.31431431431431349e+01
4.33175229959361516e+01 4.33433433433433351e+01
4.35173730521960138e+01 4.35435435435435352e+01
4.37172231089461860e+01 4.37437437437437353e+01
4.39170731661799820e+01 4.39439439439439354e+01
4.41169232238908293e+01 4.41441441441441356e+01
4.43167732820722691e+01 4.43443443443443357e+01
4.45166233407179632e+01 4.45445445445445358e+01
4.47164733998216946e+01 4.47447447447447360e+01
4.49163234593773524e+01 4.49449449449449361e+01
4.51161735193789113e+01 4.51451451451451362e+01
4.53160235798204951e+01 4.53453453453453363e+01
4.55158736406962845e+01 4.55455455455455365e+01
4.57157237020006093e+01 4.57457457457457366e+01
4.59155737637278563e+01 4.59459459459459367e+01
4.61154238258725329e+01 4.61461461461461369e+01
4.63152738884292390e+01 4.63463463463463370e+01
4.65151239513926527e+01 4.65465465465465371e+01
4.67149740147575656e+01 4.67467467467467372e+01
4.69148240785188477e+01 4.69469469469469374e+01
4.71146741426714541e+01 4.71471471471471375e+01
4.73145242072104040e+01 4.73473473473473376e+01
4.75143742721308584e+01 4.75475475475475378e+01
4.77142243374279857e+01 4.77477477477477379e+01
4.79140744030971106e+01 4.79479479479479380e+01
4.81139244691335790e+01 4.81481481481481381e+01
4.83137745355328292e+01 4.83483483483483383e+01
4.85136246022903848e+01 4.85485485485485384e+01
4.87134746694018190e+01 4.87487487487487385e+01
4.89133247368628190e+01 4.89489489489489387e+01
4.91131748046691143e+01 4.91491491491491388e+01
4.93130248728164844e+01 4.93493493493493389e+01
4.95128749413008222e+01 4.95495495495495391e+01
4.97127250101180636e+01 4.97497497497497392e+01
4.99125750792641867e+01 4.99499499499499393e+01
5.01124251487352765e+01 5.01501501501501394e+01
5.03122752185274607e+01 5.03503503503503396e+01
5.05121252886369163e+01 5.05505505505505397e+01
5.07119753590598989e+01 5.07507507507507398e+01
5.09118254297927209e+01 5.09509509509509400e+01
5.11116755008317369e+01 5.11511511511511401e+01
5.13115255721733874e+01 5.13513513513513402e+01
5.15113756438141266e+01 5.15515515515515403e+01
5.17112257157505084e+01 5.17517517517517405e+01
5.19110757879791009e+01 5.19519519519519406e+01
5.21109258604965504e+01 5.21521521521521407e+01
5.23107759332995528e+01 5.23523523523523409e+01
5.25106260063848396e+01 5.25525525525525410e+01
5.27104760797491991e+01 5.27527527527527411e+01
5.29103261533894695e+01 5.29529529529529412e+01
5.31101762273025315e+01 5.31531531531531414e+01
5.33100263014853368e+01 5.33533533533533415e+01
5.35098763759348302e+01 5.35535535535535416e+01
5.37097264506480769e+01 5.37537537537537418e+01
5.39095765256221071e+01 5.39539539539539419e+01
5.41094266008540430e+01 5.41541541541541420e+01
5.43092766763410353e+01 5.43543543543543421e+01
5.45091267520802916e+01 5.45545545545545423e+01
5.47089768280690407e+01 5.47547547547547424e+01
5.49088269043045472e+01 5.49549549549549425e+01
5.51086769807841534e+01 5.51551551551551427e+01
5.53085270575051737e+01 5.53553553553553428e+01
5.55083771344650359e+01 5.55555555555555429e+01
5.57082272116611392e+01 5.57557557557557431e+01
5.59080772890909827e+01 5.59559559559559432e+01
5.61079273667520511e+01 5.61561561561561433e+01
5.63077774446418715e+01 5.63563563563563434e+01
5.65076275227580425e+01 5.65565565565565436e+01
5.67074776010981552e+01 5.67567567567567437e+01
5.69073276796598577e+01 5.69569569569569438e+01
5.71071777584408053e+01 5.71571571571571440e+01
5.73070278374387314e+01 5.73573573573573441e+01
5.75068779166513551e+01 5.75575575575575442e+01
5.77067279960764381e+01 5.77577577577577443e+01
5.79065780757118063e+01 5.79579579579579445e+01
5.81064281555552782e+01 5.81581581581581446e+01
5.83062782356047151e+01 5.83583583583583447e+01
5.85061283158579997e+01 5.85585585585585449e+01
5.87059783963130499e+01 5.87587587587587450e+01
5.89058284769678195e+01 5.89589589589589451e+01
5.91056785578202835e+01 5.91591591591591452e+01
5.93055286388684380e+01 5.93593593593593454e+01
5.95053787201103077e+01 5.95595595595595455e+01
5.97052288015439601e+01 5.97597597597597456e+01
5.99050788831674694e+01 5.99599599599599458e+01
6.01049289649789387e+01 6.01601601601601459e+01
6.03047790469764919e+01 6.03603603603603460e+01
6.05046291291583032e+01 6.05605605605605462e+01
6.07044792115225391e+01 6.07607607607607463e+01
6.09043292940674164e+01 6.09609609609609464e+01
6.11041793767911443e+01 6.11611611611611465e+01
6.13040294596919892e+01 6.13613613613613467e+01
6.15038795427682174e+01 6.15615615615615468e+01
6.17037296260181378e+01 6.17617617617617469e+01
6.19035797094400593e+01 6.19619619619619471e+01
6.21034297930323049e+01 6.21621621621621472e+01
6.23032798767932476e+01 6.23623623623623473e+01
6.25031299607212816e+01 6.25625625625625474e+01
6.27029800448147938e+01 6.27627627627627476e+01
6.29028301290722212e+01 6.29629629629629477e+01
6.31026802134919862e+01 6.31631631631631478e+01
6.33025302980725684e+01 6.33633633633633480e+01
6.35023803828124471e+01 6.35635635635635481e+01
6.37022304677101232e+01 6.37637637637637482e+01
6.39020805527641045e+01 6.39639639639639483e+01
6.41019306379729414e+01 6.41641641641641485e+01
6.43017807233351846e+01 6.43643643643643486e+01
6.45016308088493986e+01 6.45645645645645487e+01
6.47014808945142050e+01 6.47647647647647489e+01
6.49013309803281970e+01 6.49649649649649490e+01
6.51011810662899819e+01 6.51651651651651491e+01
6.53010311523982239e+01 6.53653653653653492e+01
6.55008812386515729e+01 6.55655655655655494e+01
6.57007313250487215e+01 6.57657657657657495e+01
6.59005814115883197e+01 6.59659659659659496e+01
6.61004314982691170e+01 6.61661661661661498e+01
6.63002815850898486e+01 6.63663663663663499e+01
6.65001316720492071e+01 6.65665665665665500e+01
6.66999817591459561e+01 6.67667667667667502e+01
6.68998318463788877e+01 6.69669669669669503e+01
6.70996819337467798e+01 6.71671671671671504e+01
6.72995320212484387e+01 6.73673673673673505e+01
6.74993821088826422e+01 6.75675675675675507e+01
6.76992321966482251e+01 6.77677677677677508e+01
6.78990822845440363e+01 6.79679679679679509e+01
6.80989323725689530e+01 6.81681681681681511e+01
6.82987824607218101e+01 6.83683683683683512e+01
6.84986325490014849e+01 6.85685685685685513e+01
6.86984826374068831e+01 6.87687687687687514e+01
6.88983327259369389e+01 6.89689689689689516e+01
6.90981828145905155e+01 6.91691691691691517e+01
6.92980329033665754e+01 6.93693693693693518e+01
6.94978829922640529e+01 6.95695695695695520e+01
6.96977330812819105e+01 6.97697697697697521e+01
6.98975831704191251e+01 6.99699699699699522e+01
7.00974332596746592e+01 7.01701701701701523e+01
7.02972833490475040e+01 7.03703703703703525e+01
7.04971334385366646e+01 7.05705705705705526e+01
7.06969835281411605e+01 7.07707707707707527e+01
7.08968336178600254e+01 7.09709709709709529e+01
7.10966837076922502e+01 7.11711711711711530e+01
7.12965337976369256e+01 7.13713713713713531e+01
7.14963838876931135e+01 7.15715715715715532e+01
7.16962339778598476e+01 7.17717717717717534e+01
7.18960840681362185e+01 7.19719719719719535e+01
7.20959341585213309e+01 7.21721721721721536e+01
7.22957842490142610e+01 7.23723723723723538e+01
7.24956343396141136e+01 7.25725725725725539e+01
7.26954844303200503e+01 7.27727727727727540e+01
7.28953345211311472e+01 7.29729729729729542e+01
7.30951846120465660e+01 7.31731731731731543e+01
7.32950347030654541e+01 7.33733733733733544e+01
7.34948847941869587e+01 7.35735735735735545e+01
7.36947348854102415e+01 7.37737737737737547e+01
7.38945849767345067e+01 7.39739739739739548e+01
7.40944350681589157e+01 7.41741741741741549e+01
7.42942851596826301e+01 7.43743743743743551e+01
7.44941352513049111e+01 7.45745745745745552e+01
7.46939853430249201e+01 7.47747747747747553e+01
7.48938354348418898e+01 7.49749749749749554e+01
7.50936855267550527e+01 7.51751751751751556e+01
7.52935356187636415e+01 7.53753753753753557e+01
7.54933857108668889e+01 7.55755755755755558e+01
7.56932358030640557e+01 7.57757757757757560e+01
7.58930858953543890e+01 7.59759759759759561e+01
7.60929359877371638e+01 7.61761761761761562e+01
7.62927860802116413e+01 7.63763763763763563e+01
7.64926361727771251e+01 7.65765765765765565e+01
7.66924862654328763e+01 7.67767767767767566e+01
7.68923363581782269e+01 7.69769769769769567e+01
7.70921864510124522e+01 7.71771771771771569e+01
7.72920365439348700e+01 7.73773773773773570e+01
7.74918866369447841e+01 7.75775775775775571e+01
7.76917367300415407e+01 7.77777777777777573e+01
7.78915868232244577e+01 7.79779779779779574e+01
7.80914369164928814e+01 7.81781781781781575e+01
7.82912870098461724e+01 7.83783783783783576e+01
7.84911371032836485e+01 7.85785785785785578e+01
7.86909871968046843e+01 7.87787787787787579e+01
7.88908372904086406e+01 7.89789789789789580e+01
7.90906873840949203e+01 7.91791791791791582e+01
7.92905374778628413e+01 7.93793793793793583e+01
7.94903875717118211e+01 7.95795795795795584e+01
7.96902376656412770e+01 7.97797797797797585e+01
7.98900877596505552e+01 7.99799799799799587e+01
8.00899378537390874e+01 8.01801801801801588e+01
8.02897879479062766e+01 8.03803803803803589e+01
8.04896380421515403e+01 8.05805805805805591e+01
8.06894881364742673e+01 8.07807807807807592e+01
8.08893382308739177e+01 8.09809809809809593e+01
8.10891883253499230e+01 8.11811811811811594e+01
8.12890384199017291e+01 8.13813813813813596e+01
8.14888885145287389e+01 8.15815815815815597e+01
8.16887386092304126e+01 8.17817817817817598e+01
8.18885887040062244e+01 8.19819819819819600e+01
8.20884387988556199e+01 8.21821821821821601e+01
8.22882888937780592e+01 8.23823823823823602e+01
8.24881389887730165e+01 8.25825825825825603e+01
8.26879890838399803e+01 8.27827827827827605e+01
8.28878391789784104e+01 8.29829829829829606e+01
8.30876892741877953e+01 8.31831831831831607e+01
8.32875393694676092e+01 8.33833833833833609e+01
8.34873894648173831e+01 8.35835835835835610e+01
8.36872395602365771e+01 8.37837837837837611e+01
8.38870896557247363e+01 8.39839839839839613e+01
8.40869397512813350e+01 8.41841841841841614e+01
8.42867898469058758e+01 8.43843843843843615e+01
8.44866399425979182e+01 8.45845845845845616e+01
8.46864900383569790e+01 8.47847847847847618e+01
8.48863401341825465e+01 8.49849849849849619e+01
8.50861902300741804e+01 8.51851851851851620e+01
8.52860403260313973e+01 8.53853853853853622e+01
8.54858904220537568e+01 8.55855855855855623e+01
8.56857405181408325e+01 8.57857857857857624e+01
8.58855906142920986e+01 8.59859859859859625e+01
8.60854407105071573e+01 8.61861861861861627e+01
8.62852908067855537e+01 8.63863863863863628e+01
8.64851409031268474e+01 8.65865865865865629e+01
8.66849909995306120e+01 8.67867867867867631e+01
8.68848410959964212e+01 8.69869869869869632e+01
8.70846911925238203e+01 8.71871871871871633e+01
8.72845412891123971e+01 8.73873873873873634e+01
8.74843913857617679e+01 8.75875875875875636e+01
8.76842414824714638e+01 8.77877877877877637e+01
8.78840915792410868e+01 8.79879879879879638e+01
8.80839416760702392e+01 8.81881881881881640e+01
8.82837917729585513e+01 8.83883883883883641e+01
8.84836418699055542e+01 8.85885885885885642e+01
8.86834919669109070e+01 8.87887887887887644e+01
8.88833420639741831e+01 8.89889889889889645e+01
8.90831921610949991e+01 8.91891891891891646e+01
8.92830422582729568e+01 8.93893893893893647e+01
8.94828923555077154e+01 8.95895895895895649e+01
8.96827424527988626e+01 8.97897897897897650e+01
8.98825925501460148e+01 8.99899899899899651e+01
9.00824426475488451e+01 9.01901901901901653e+01
9.02822927450069130e+01 9.03903903903903654e+01
9.04821428425199201e+01 9.05905905905905655e+01
9.06819929400874685e+01 9.07907907907907656e+01
9.08818430377092028e+01 9.09909909909909658e+01
9.10816931353847536e+01 9.11911911911911659e+01
9.12815432331137799e+01 9.13913913913913660e+01
9.14813933308959548e+01 9.15915915915915662e+01
9.16812434287309088e+01 9.17917917917917663e+01
9.18810935266182724e+01 9.19919919919919664e+01
9.20809436245577331e+01 9.21921921921921665e+01
9.22807937225489781e+01 9.23923923923923667e+01
9.24806438205916237e+01 9.25925925925925668e+01
9.26804939186853431e+01 9.27927927927927669e+01
9.28803440168298380e+01 9.29929929929929671e+01
9.30801941150247387e+01 9.31931931931931672e+01
9.32800442132697896e+01 9.33933933933933673e+01
9.34798943115645784e+01 9.35935935935935674e+01
9.36797444099088494e+01 9.37937937937937676e+01
9.38795945083022758e+01 9.39939939939939677e+01
9.40794446067445449e+01 9.41941941941941678e+01
9.42792947052353156e+01 9.43943943943943680e+01
9.44791448037743180e+01 9.45945945945945681e+01
9.46789949023612252e+01 9.47947947947947682e+01
9.48788450009957671e+01 9.49949949949949684e+01
9.50786950996776028e+01 9.51951951951951685e+01
9.52785451984064622e+01 9.53953953953953686e+01
9.54783952971820042e+01 9.55955955955955687e+01
9.56782453960040016e+01 9.57957957957957689e+01
9.58780954948721273e+01 9.59959959959959690e+01
9.60779455937861115e+01 9.61961961961961691e+01
9.62777956927456273e+01 9.63963963963963693e+01
9.64776457917504189e+01 9.65965965965965694e+01
9.66774958908002446e+01 9.67967967967967695e+01
9.68773459898947493e+01 9.69969969969969696e+01
9.70771960890337198e+01 9.71971971971971698e+01
9.72770461882168576e+01 9.73973973973973699e+01
9.74768962874438927e+01 9.75975975975975700e+01
9.76767463867145267e+01 9.77977977977977702e+01
9.78765964860285607e+01 9.79979979979979703e+01
9.80764465853856535e+01 9.81981981981981704e+01
9.82762966847855921e+01 9.83983983983983705e+01
9.84761467842281064e+01 9.85985985985985707e+01
9.86759968837129264e+01 9.87987987987987708e+01
9.88758469832398248e+01 9.89989989989989709e+01
9.90756970828085031e+01 9.91991991991991711e+01
9.92755471824187197e+01 9.93993993993993712e+01
9.94753972820702472e+01 9.95995995995995713e+01
9.96752473817628299e+01 9.97997997997997714e+01
9.98750974814961978e+01 9.99999999999999716e+01
1.00074947581270152e+02 1.00200200200200172e+02
1.00274797681084394e+02 1.00400400400400372e+02
1.00474647780938739e+02 1.00600600600600572e+02
1.00674497880832902e+02 1.00800800800800772e+02
1.00874347980766672e+02 1.01001001001000972e+02
1.01074198080739805e+02 1.01201201201201172e+02
1.01274048180752089e+02 1.01401401401401372e+02
1.01473898280803255e+02 1.01601601601601573e+02
1.01673748380893088e+02 1.01801801801801773e+02
1.01873598481021389e+02 1.02002002002001973e+02
1.02073448581187861e+02 1.02202202202202173e+02
1.02273298681392376e+02 1.02402402402402373e+02
1.02473148781634634e+02 1.02602602602602573e+02
1.02672998881914467e+02 1.02802802802802773e+02
1.02872848982231631e+02 1.03003003003002974e+02
1.03072699082585899e+02 1.03203203203203174e+02
1.03272549182977073e+02 1.03403403403403374e+02
1.03472399283404926e+02 1.03603603603603574e+02
1.03672249383869243e+02 1.03803803803803774e+02
1.03872099484369855e+02 1.04004004004003974e+02
1.04071949584906491e+02 1.04204204204204174e+02
1.04271799685478982e+02 1.04404404404404374e+02
1.04471649786087141e+02 1.04604604604604575e+02
1.04671499886730714e+02 1.04804804804804775e+02
1.04871349987409502e+02 1.05005005005004975e+02
1.05071200088123362e+02 1.05205205205205175e+02
1.05271050188872053e+02 1.05405405405405375e+02
1.05470900289655361e+02 1.05605605605605575e+02
1.05670750390473117e+02 1.05805805805805775e+02
1.05870600491325106e+02 1.06006006006005975e+02
1.06070450592211174e+02 1.06206206206206176e+02
1.06270300693131077e+02 1.06406406406406376e+02
1.06470150794084660e+02 1.06606606606606576e+02
1.06670000895071723e+02 1.06806806806806776e+02
1.06869850996092055e+02 1.07007007007006976e+02
1.07069701097145526e+02 1.07207207207207176e+02
1.07269551198231895e+02 1.07407407407407376e+02
1.07469401299351006e+02 1.07607607607607576e+02
1.07669251400502674e+02 1.07807807807807777e+02
1.07869101501686714e+02 1.08008008008007977e+02
1.08068951602902928e+02 1.08208208208208177e+02
1.08268801704151173e+02 1.08408408408408377e+02
1.08468651805431264e+02 1.08608608608608577e+02
1.08668501906743003e+02 1.08808808808808777e+02
1.08868352008086262e+02 1.09009009009008977e+02
1.09068202109460813e+02 1.09209209209209178e+02
1.09268052210866486e+02 1.09409409409409378e+02
1.09467902312303181e+02 1.09609609609609578e+02
1.09667752413770629e+02 1.09809809809809778e+02
1.09867602515268743e+02 1.10010010010009978e+02
1.10067452616797326e+02 1.10210210210210178e+02
1.10267302718356177e+02 1.10410410410410378e+02
1.10467152819945198e+02 1.10610610610610578e+02
1.10667002921564190e+02 1.10810810810810779e+02
1.10866853023212997e+02 1.11011011011010979e+02
1.11066703124891461e+02 1.11211211211211179e+02
1.11266553226599399e+02 1.11411411411411379e+02
1.11466403328336682e+02 1.11611611611611579e+02
1.11666253430103140e+02 1.11811811811811779e+02
1.11866103531898617e+02 1.12012012012011979e+02
1.12065953633722941e+02 1.12212212212212179e+02
1.12265803735576014e+02 1.12412412412412380e+02
1.12465653837457623e+02 1.12612612612612580e+02
1.12665503939367639e+02 1.12812812812812780e+02
1.12865354041305892e+02 1.13013013013012980e+02
1.13065204143272268e+02 1.13213213213213180e+02
1.13265054245266597e+02 1.13413413413413380e+02
1.13464904347288737e+02 1.13613613613613580e+02
1.13664754449338545e+02 1.13813813813813780e+02
1.13864604551415837e+02 1.14014014014013981e+02
1.14064454653520528e+02 1.14214214214214181e+02
1.14264304755652446e+02 1.14414414414414381e+02
1.14464154857811437e+02 1.14614614614614581e+02
1.14664004959997371e+02 1.14814814814814781e+02
1.14863855062210121e+02 1.15015015015014981e+02
1.15063705164449530e+02 1.15215215215215181e+02
1.15263555266715443e+02 1.15415415415415382e+02
1.15463405369007759e+02 1.15615615615615582e+02
1.15663255471326337e+02 1.15815815815815782e+02
1.15863105573671007e+02 1.16016016016015982e+02
1.16062955676041668e+02 1.16216216216216182e+02
1.16262805778438178e+02 1.16416416416416382e+02
1.16462655880860396e+02 1.16616616616616582e+02
1.16662505983308193e+02 1.16816816816816782e+02
1.16862356085781428e+02 1.17017017017016983e+02
1.17062206188280001e+02 1.17217217217217183e+02
1.17262056290803770e+02 1.17417417417417383e+02
1.17461906393352578e+02 1.17617617617617583e+02
1.17661756495926312e+02 1.17817817817817783e+02
1.17861606598524858e+02 1.18018018018017983e+02
1.18061456701148074e+02 1.18218218218218183e+02
1.18261306803795875e+02 1.18418418418418383e+02
1.18461156906468105e+02 1.18618618618618584e+02
1.18661007009164621e+02 1.18818818818818784e+02
1.18860857111885323e+02 1.19019019019018984e+02
1.19060707214630085e+02 1.19219219219219184e+02
1.19260557317398792e+02 1.19419419419419384e+02
1.19460407420191331e+02 1.19619619619619584e+02
1.19660257523007587e+02 1.19819819819819784e+02
1.19860107625847405e+02 1.20020020020019984e+02
1.20059957728710685e+02 1.20220220220220185e+02
1.20259807831597300e+02 1.20420420420420385e+02
1.20459657934507177e+02 1.20620620620620585e+02
1.20659508037440162e+02 1.20820820820820785e+02
1.20859358140396139e+02 1.21021021021020985e+02
1.21059208243375011e+02 1.21221221221221185e+02
1.21259058346376676e+02 1.21421421421421385e+02
1.21458908449400980e+02 1.21621621621621586e+02
1.21658758552447836e+02 1.21821821821821786e+02
1.21858608655517145e+02 1.22022022022021986e+02
1.22058458758608779e+02 1.22222222222222186e+02
1.22258308861722625e+02 1.22422422422422386e+02
1.22458158964858598e+02 1.22622622622622586e+02
1.22658009068016568e+02 1.22822822822822786e+02
1.22857859171196438e+02 1.23023023023022986e+02
1.23057709274398093e+02 1.23223223223223187e+02
1.23257559377621419e+02 1.23423423423423387e+02
1.23457409480866332e+02 1.23623623623623587e+02
1.23657259584132731e+02 1.23823823823823787e+02
1.23857109687420490e+02 1.24024024024023987e+02
1.24056959790729508e+02 1.24224224224224187e+02
1.24256809894059714e+02 1.24424424424424387e+02
1.24456659997410966e+02 1.24624624624624587e+02
1.24656510100783194e+02 1.24824824824824788e+02
1.24856360204176255e+02 1.25025025025024988e+02
1.25056210307590078e+02 1.25225225225225188e+02
1.25256060411024578e+02 1.25425425425425388e+02
1.25455910514479626e+02 1.25625625625625588e+02
1.25655760617955153e+02 1.25825825825825788e+02
1.25855610721451043e+02 1.26026026026025988e+02
1.26055460824967199e+02 1.26226226226226188e+02
1.26255310928503519e+02 1.26426426426426389e+02
1.26455161032059934e+02 1.26626626626626589e+02
1.26655011135636329e+02 1.26826826826826789e+02
1.26854861239232577e+02 1.27027027027026989e+02
1.27054711342848663e+02 1.27227227227227189e+02
1.27254561446484445e+02 1.27427427427427389e+02
1.27454411550139810e+02 1.27627627627627589e+02
1.27654261653814714e+02 1.27827827827827790e+02
1.27854111757509017e+02 1.28028028028027990e+02
1.28053961861222689e+02 1.28228228228228204e+02
1.28253811964955588e+02 1.28428428428428418e+02
1.28453662068707644e+02 1.28628628628628633e+02
1.28653512172478742e+02 1.28828828828828847e+02
1.28853362276268825e+02 1.29029029029029061e+02
1.29053212380077809e+02 1.29229229229229276e+02
1.29253062483905580e+02 1.29429429429429490e+02
1.29452912587752081e+02 1.29629629629629704e+02
1.29652762691617198e+02 1.29829829829829919e+02
1.29852612795500846e+02 1.30030030030030133e+02
1.30052462899402968e+02 1.30230230230230347e+02
1.30252313003323451e+02 1.30430430430430562e+02
1.30452163107262209e+02 1.30630630630630776e+02
1.30652013211219185e+02 1.30830830830830990e+02
1.30851863315194265e+02 1.31031031031031205e+02
1.31051713419187394e+02 1.31231231231231419e+02
1.31251563523198485e+02 1.31431431431431633e+02
1.31451413627227396e+02 1.31631631631631848e+02
1.31651263731274128e+02 1.31831831831832062e+02
1.31851113835338595e+02 1.32032032032032276e+02
1.32050963939420654e+02 1.32232232232232491e+02
1.32250814043520279e+02 1.32432432432432705e+02
1.32450664147637355e+02 1.32632632632632919e+02
1.32650514251771853e+02 1.32832832832833134e+02
1.32850364355923659e+02 1.33033033033033348e+02
1.33050214460092661e+02 1.33233233233233562e+02
1.33250064564278830e+02 1.33433433433433777e+02
1.33449914668482080e+02 1.33633633633633991e+02
1.33649764772702355e+02 1.33833833833834206e+02
1.33849614876939540e+02 1.34034034034034420e+02
1.34049464981193580e+02 1.34234234234234634e+02
1.34249315085464360e+02 1.34434434434434849e+02
1.34449165189751881e+02 1.34634634634635063e+02
1.34649015294056028e+02 1.34834834834835277e+02
1.34848865398376716e+02 1.35035035035035492e+02
1.35048715502713890e+02 1.35235235235235706e+02
1.35248565607067434e+02 1.35435435435435920e+02
1.35448415711437320e+02 1.35635635635636135e+02
1.35648265815823521e+02 1.35835835835836349e+02
1.35848115920225865e+02 1.36036036036036563e+02
1.36047966024644353e+02 1.36236236236236778e+02
1.36247816129078899e+02 1.36436436436436992e+02
1.36447666233529361e+02 1.36636636636637206e+02
1.36647516337995768e+02 1.36836836836837421e+02
1.36847366442478005e+02 1.37037037037037635e+02
1.37047216546975989e+02 1.37237237237237849e+02
1.37247066651489689e+02 1.37437437437438064e+02
1.37446916756019050e+02 1.37637637637638278e+02
1.37646766860563929e+02 1.37837837837838492e+02
1.37846616965124326e+02 1.38038038038038707e+02
1.38046467069700128e+02 1.38238238238238921e+02
1.38246317174291335e+02 1.38438438438439135e+02
1.38446167278897775e+02 1.38638638638639350e+02
1.38646017383519450e+02 1.38838838838839564e+02
1.38845867488156330e+02 1.39039039039039778e+02
1.39045717592808273e+02 1.39239239239239993e+02
1.39245567697475252e+02 1.39439439439440207e+02
1.39445417802157181e+02 1.39639639639640421e+02
1.39645267906854031e+02 1.39839839839840636e+02
1.39845118011565745e+02 1.40040040040040850e+02
1.40044968116292210e+02 1.40240240240241064e+02
1.40244818221033370e+02 1.40440440440441279e+02
1.40444668325789195e+02 1.40640640640641493e+02
1.40644518430559629e+02 1.40840840840841707e+02
1.40844368535344529e+02 1.41041041041041922e+02
1.41044218640143953e+02 1.41241241241242136e+02
1.41244068744957730e+02 1.41441441441442350e+02
1.41443918849785888e+02 1.41641641641642565e+02
1.41643768954628285e+02 1.41841841841842779e+02
1.41843619059484922e+02 1.42042042042042993e+02
1.42043469164355713e+02 1.42242242242243208e+02
1.42243319269240629e+02 1.42442442442443422e+02
1.42443169374139529e+02 1.42642642642643636e+02
1.42643019479052441e+02 1.42842842842843851e+02
1.42842869583979308e+02 1.43043043043044065e+02
1.43042719688919988e+02 1.43243243243244279e+02
1.43242569793874509e+02 1.43443443443444494e+02
1.43442419898842758e+02 1.43643643643644708e+02
1.43642270003824706e+02 1.43843843843844923e+02
1.43842120108820296e+02 1.44044044044045137e+02
1.44041970213829416e+02 1.44244244244245351e+02
1.44241820318852120e+02 1.44444444444445566e+02
1.44441670423888240e+02 1.44644644644645780e+02
1.44641520528937804e+02 1.44844844844845994e+02
1.44841370634000668e+02 1.45045045045046209e+02
1.45041220739076891e+02 1.45245245245246423e+02
1.45241070844166330e+02 1.45445445445446637e+02
1.45440920949268957e+02 1.45645645645646852e+02
1.45640771054384714e+02 1.45845845845847066e+02
1.45840621159513574e+02 1.46046046046047280e+02
1.46040471264655423e+02 1.46246246246247495e+02
1.46240321369810289e+02 1.46446446446447709e+02
1.46440171474978058e+02 1.46646646646647923e+02
1.46640021580158674e+02 1.46846846846848138e+02
1.46839871685352136e+02 1.47047047047048352e+02
1.47039721790558332e+02 1.47247247247248566e+02
1.47239571895777232e+02 1.47447447447448781e+02
1.47439422001008836e+02 1.47647647647648995e+02
1.47639272106253003e+02 1.47847847847849209e+02
1.47839122211509732e+02 1.48048048048049424e+02
1.48038972316778995e+02 1.48248248248249638e+02
1.48238822422060679e+02 1.48448448448449852e+02
1.48438672527354782e+02 1.48648648648650067e+02
1.48638522632661250e+02 1.48848848848850281e+02
1.48838372737980023e+02 1.49049049049050495e+02
1.49038222843311047e+02 1.49249249249250710e+02
1.49238072948654263e+02 1.49449449449450924e+02
1.49437923054009644e+02 1.49649649649651138e+02
1.49637773159377133e+02 1.49849849849851353e+02
1.49837623264756672e+02 1.50050050050051567e+02
1.50037473370148234e+02 1.50250250250251781e+02
1.50237323475551733e+02 1.50450450450451996e+02
1.50437173580967197e+02 1.50650650650652210e+02
1.50637023686394485e+02 1.50850850850852424e+02
1.50836873791833597e+02 1.51051051051052639e+02
1.51036723897284531e+02 1.51251251251252853e+02
1.51236574002747119e+02 1.51451451451453067e+02
1.51436424108221473e+02 1.51651651651653282e+02
1.51636274213707395e+02 1.51851851851853496e+02
1.51836124319204970e+02 1.52052052052053710e+02
1.52035974424714027e+02 1.52252252252253925e+02
1.52235824530234595e+02 1.52452452452454139e+02
1.52435674635766617e+02 1.52652652652654353e+02
1.52635524741310064e+02 1.52852852852854568e+02
1.52835374846864852e+02 1.53053053053054782e+02
1.53035224952430980e+02 1.53253253253254996e+02
1.53235075058008391e+02 1.53453453453455211e+02
1.53434925163597001e+02 1.53653653653655425e+02
1.53634775269196780e+02 1.53853853853855639e+02
1.53834625374807757e+02 1.54054054054055854e+02
1.54034475480429791e+02 1.54254254254256068e+02
1.54234325586062909e+02 1.54454454454456283e+02
1.54434175691707026e+02 1.54654654654656497e+02
1.54634025797362114e+02 1.54854854854856711e+02
1.54833875903028144e+02 1.55055055055056926e+02
1.55033726008705031e+02 1.55255255255257140e+02
1.55233576114392804e+02 1.55455455455457354e+02
1.55433426220091349e+02 1.55655655655657569e+02
1.55633276325800665e+02 1.55855855855857783e+02
1.55833126431520668e+02 1.56056056056057997e+02
1.56032976537251386e+02 1.56256256256258212e+02
1.56232826642992734e+02 1.56456456456458426e+02
1.56432676748744683e+02 1.56656656656658640e+02
1.56632526854507176e+02 1.56856856856858855e+02
1.56832376960280186e+02 1.57057057057059069e+02
1.57032227066063655e+02 1.57257257257259283e+02
1.57232077171857583e+02 1.57457457457459498e+02
1.57431927277661885e+02 1.57657657657659712e+02
1.57631777383476560e+02 1.57857857857859926e+02
1.57831627489301553e+02 1.58058058058060141e+02
1.58031477595136835e+02 1.58258258258260355e+02
1.58231327700982320e+02 1.58458458458460569e+02
1.58431177806838008e+02 1.58658658658660784e+02
1.58631027912703900e+02 1.58858858858860998e+02
1.58830878018579881e+02 1.59059059059061212e+02
1.59030728124465952e+02 1.59259259259261427e+02
1.59230578230362056e+02 1.59459459459461641e+02
1.59430428336268193e+02 1.59659659659661855e+02
1.59630278442184277e+02 1.59859859859862070e+02
1.59830128548110309e+02 1.60060060060062284e+02
1.60029978654046261e+02 1.60260260260262498e+02
1.60229828759992046e+02 1.60460460460462713e+02
1.60429678865947636e+02 1.60660660660662927e+02
1.60629528971913032e+02 1.60860860860863141e+02
1.60829379077888206e+02 1.61061061061063356e+02
1.61029229183873070e+02 1.61261261261263570e+02
1.61229079289867570e+02 1.61461461461463784e+02
1.61428929395871762e+02 1.61661661661663999e+02
1.61628779501885532e+02 1.61861861861864213e+02
1.61828629607908880e+02 1.62062062062064427e+02
1.62028479713941778e+02 1.62262262262264642e+02
1.62228329819984168e+02 1.62462462462464856e+02
1.62428179926035995e+02 1.62662662662665070e+02
1.62628030032097286e+02 1.62862862862865285e+02
1.62827880138167984e+02 1.63063063063065499e+02
1.63027730244248005e+02 1.63263263263265713e+02
1.63227580350337348e+02 1.63463463463465928e+02
1.63427430456436014e+02 1.63663663663666142e+02
1.63627280562543888e+02 1.63863863863866356e+02
1.63827130668661056e+02 1.64064064064066571e+02
1.64026980774787347e+02 1.64264264264266785e+02
1.64226830880922847e+02 1.64464464464467000e+02
1.64426680987067442e+02 1.64664664664667214e+02
1.64626531093221132e+02 1.64864864864867428e+02
1.64826381199383889e+02 1.65065065065067643e+02
1.65026231305555626e+02 1.65265265265267857e+02
1.65226081411736374e+02 1.65465465465468071e+02
1.65425931517926131e+02 1.65665665665668286e+02
1.65625781624124755e+02 1.65865865865868500e+02
1.65825631730332304e+02 1.66066066066068714e+02
1.66025481836548693e+02 1.66266266266268929e+02
1.66225331942773920e+02 1.66466466466469143e+02
1.66425182049007930e+02 1.66666666666669357e+02
1.66625032155250722e+02 1.66866866866869572e+02
1.66824882261502268e+02 1.67067067067069786e+02
1.67024732367762510e+02 1.67267267267270000e+02
1.67224582474031422e+02 1.67467467467470215e+02
1.67424432580308917e+02 1.67667667667670429e+02
1.67624282686595080e+02 1.67867867867870643e+02
1.67824132792889827e+02 1.68068068068070858e+02
1.68023982899193101e+02 1.68268268268271072e+02
1.68223833005504872e+02 1.68468468468471286e+02
1.68423683111825170e+02 1.68668668668671501e+02
1.68623533218153938e+02 1.68868868868871715e+02
1.68823383324491118e+02 1.69069069069071929e+02
1.69023233430836683e+02 1.69269269269272144e+02
1.69223083537190604e+02 1.69469469469472358e+02
1.69422933643552881e+02 1.69669669669672572e+02
1.69622783749923428e+02 1.69869869869872787e+02
1.69822633856302332e+02 1.70070070070073001e+02
1.70022483962689421e+02 1.70270270270273215e+02
1.70222334069084752e+02 1.70470470470473430e+02
1.70422184175488297e+02 1.70670670670673644e+02
1.70622034281899971e+02 1.70870870870873858e+02
1.70821884388319802e+02 1.71071071071074073e+02
1.71021734494747761e+02 1.71271271271274287e+02
1.71221584601183736e+02 1.71471471471474501e+02
1.71421434707627782e+02 1.71671671671674716e+02
1.71621284814079871e+02 1.71871871871874930e+02
1.71821134920539947e+02 1.72072072072075144e+02
1.72020985027008010e+02 1.72272272272275359e+02
1.72220835133484002e+02 1.72472472472475573e+02
1.72420685239967867e+02 1.72672672672675787e+02
1.72620535346459633e+02 1.72872872872876002e+02
1.72820385452959272e+02 1.73073073073076216e+02
1.73020235559466727e+02 1.73273273273276430e+02
1.73220085665981969e+02 1.73473473473476645e+02
1.73419935772504999e+02 1.73673673673676859e+02
1.73619785879035788e+02 1.73873873873877073e+02
1.73819635985574280e+02 1.74074074074077288e+02
1.74019486092120502e+02 1.74274274274277502e+02
1.74219336198674370e+02 1.74474474474477717e+02
1.74419186305235854e+02 1.74674674674677931e+02
1.74619036411804984e+02 1.74874874874878145e+02
1.74818886518381674e+02 1.75075075075078360e+02
1.75018736624965953e+02 1.75275275275278574e+02
1.75218586731557764e+02 1.75475475475478788e+02
1.75418436838157078e+02 1.75675675675679003e+02
1.75618286944763867e+02 1.75875875875879217e+02
1.75818137051378159e+02 1.76076076076079431e+02
1.76017987157999869e+02 1.76276276276279646e+02
1.76217837264628969e+02 1.76476476476479860e+02
1.76417687371265430e+02 1.76676676676680074e+02
1.76617537477909337e+02 1.76876876876880289e+02
1.76817387584560464e+02 1.77077077077080503e+02
1.77017237691219009e+02 1.77277277277280717e+02
1.77217087797884773e+02 1.77477477477480932e+02
1.77416937904557813e+02 1.77677677677681146e+02
1.77616788011238100e+02 1.77877877877881360e+02
1.77816638117925578e+02 1.78078078078081575e+02
1.78016488224620247e+02 1.78278278278281789e+02
1.78216338331322078e+02 1.78478478478482003e+02
1.78416188438031043e+02 1.78678678678682218e+02
1.78616038544747170e+02 1.78878878878882432e+02
1.78815888651470345e+02 1.79079079079082646e+02
1.79015738758200570e+02 1.79279279279282861e+02
1.79215588864937871e+02 1.79479479479483075e+02
1.79415438971682164e+02 1.79679679679683289e+02
1.79615289078433477e+02 1.79879879879883504e+02
1.79815139185191811e+02 1.80080080080083718e+02
1.80014989291956994e+02 1.80280280280283932e+02
1.80214839398729168e+02 1.80480480480484147e+02
1.80414689505508193e+02 1.80680680680684361e+02
1.80614539612294152e+02 1.80880880880884575e+02
1.80814389719086989e+02 1.81081081081084790e+02
1.81014239825886591e+02 1.81281281281285004e+02
1.81214089932693042e+02 1.81481481481485218e+02
1.81413940039506258e+02 1.81681681681685433e+02
1.81613790146326295e+02 1.81881881881885647e+02
1.81813640253153039e+02 1.82082082082085861e+02
1.82013490359986520e+02 1.82282282282286076e+02
1.82213340466826708e+02 1.82482482482486290e+02
1.82413190573673546e+02 1.82682682682686504e+02
1.82613040680527064e+02 1.82882882882886719e+02
1.82812890787387204e+02 1.83083083083086933e+02
1.83012740894253966e+02 1.83283283283287147e+02
1.83212591001127350e+02 1.83483483483487362e+02
1.83412441108007243e+02 1.83683683683687576e+02
1.83612291214893730e+02 1.83883883883887790e+02
1.83812141321786726e+02 1.84084084084088005e+02
1.84011991428686230e+02 1.84284284284288219e+02
1.84211841535592242e+02 1.84484484484488434e+02
1.84411691642504678e+02 1.84684684684688648e+02
1.84611541749423566e+02 1.84884884884888862e+02
1.84811391856348905e+02 1.85085085085089077e+02
1.85011241963280639e+02 1.85285285285289291e+02
1.85211092070218740e+02 1.85485485485489505e+02
1.85410942177163207e+02 1.85685685685689720e+02
1.85610792284113984e+02 1.85885885885889934e+02
1.85810642391071127e+02 1.86086086086090148e+02
1.86010492498034552e+02 1.86286286286290363e+02
1.86210342605004257e+02 1.86486486486490577e+02
1.86410192711980187e+02 1.86686686686690791e+02
1.86610042818962370e+02 1.86886886886891006e+02
1.86809892925950805e+02 1.87087087087091220e+02
1.87009743032945437e+02 1.87287287287291434e+02
1.87209593139946207e+02 1.87487487487491649e+02
1.87409443246953174e+02 1.87687687687691863e+02
1.87609293353966223e+02 1.87887887887892077e+02
1.87809143460985439e+02 1.88088088088092292e+02
1.88008993568010766e+02 1.88288288288292506e+02
1.88208843675042175e+02 1.88488488488492720e+02
1.88408693782079609e+02 1.88688688688692935e+02
1.88608543889123098e+02 1.88888888888893149e+02
1.88808393996172612e+02 1.89089089089093363e+02
1.89008244103228094e+02 1.89289289289293578e+02
1.89208094210289602e+02 1.89489489489493792e+02
1.89407944317357050e+02 1.89689689689694006e+02
1.89607794424430494e+02 1.89889889889894221e+02
1.89807644531509823e+02 1.90090090090094435e+02
1.90007494638595062e+02 1.90290290290294649e+02
1.90207344745686186e+02 1.90490490490494864e+02
1.90407194852783192e+02 1.90690690690695078e+02
1.90607044959886053e+02 1.90890890890895292e+02
1.90806895066994770e+02 1.91091091091095507e+02
1.91006745174109284e+02 1.91291291291295721e+02
1.91206595281229596e+02 1.91491491491495935e+02
1.91406445388355706e+02 1.91691691691696150e+02
1.91606295495487558e+02 1.91891891891896364e+02
1.91806145602625151e+02 1.92092092092096578e+02
1.92005995709768484e+02 1.92292292292296793e+02
1.92205845816917531e+02 1.92492492492497007e+02
1.92405695924072262e+02 1.92692692692697221e+02
1.92605546031232620e+02 1.92892892892897436e+02
1.92805396138398692e+02 1.93093093093097650e+02
1.93005246245570390e+02 1.93293293293297864e+02
1.93205096352747660e+02 1.93493493493498079e+02
1.93404946459930613e+02 1.93693693693698293e+02
1.93604796567119081e+02 1.93893893893898507e+02
1.93804646674313204e+02 1.94094094094098722e+02
1.94004496781512813e+02 1.94294294294298936e+02
1.94204346888717936e+02 1.94494494494499151e+02
1.94404196995928629e+02 1.94694694694699365e+02
1.94604047103144808e+02 1.94894894894899579e+02
1.94803897210366443e+02 1.95095095095099794e+02
1.95003747317593536e+02 1.95295295295300008e+02
1.95203597424826114e+02 1.95495495495500222e+02
1.95403447532064121e+02 1.95695695695700437e+02
1.95603297639307527e+02 1.95895895895900651e+02
1.95803147746556334e+02 1.96096096096100865e+02
1.96002997853810569e+02 1.96296296296301080e+02
1.96202847961070091e+02 1.96496496496501294e+02
1.96402698068335013e+02 1.96696696696701508e+02
1.96602548175605278e+02 1.96896896896901723e+02
1.96802398282880830e+02 1.97097097097101937e+02
1.97002248390161668e+02 1.97297297297302151e+02
1.97202098497447849e+02 1.97497497497502366e+02
1.97401948604739260e+02 1.97697697697702580e+02
1.97601798712035929e+02 1.97897897897902794e+02
1.97801648819337856e+02 1.98098098098103009e+02
1.98001498926644956e+02 1.98298298298303223e+02
1.98201349033957314e+02 1.98498498498503437e+02
1.98401199141274844e+02 1.98698698698703652e+02
1.98601049248597548e+02 1.98898898898903866e+02
1.98800899355925367e+02 1.99099099099104080e+02
1.99000749463258359e+02 1.99299299299304295e+02
1.99200599570596523e+02 1.99499499499504509e+02
1.99400449677939747e+02 1.99699699699704723e+02
1.99600299785288087e+02 1.99899899899904938e+02
1.99800149892641514e+02 2.00100100100105152e+02
