   9.8258273e-01   1.8566262e-01
   9.0913176e-01   4.1548188e-01
   7.8178788e-01   6.2193469e-01
   6.0811654e-01   7.9149788e-01
   3.9863436e-01   9.1385655e-01
   1.6596886e-01   9.8170513e-01
  -7.5871671e-02   9.9109427e-01
  -3.1236892e-01   9.4163399e-01
  -5.2937760e-01   8.3649844e-01
  -7.1398682e-01   6.8221551e-01
  -8.5530093e-01   4.8825334e-01
  -9.4509346e-01   2.6642888e-01
  -9.7829364e-01   3.0175530e-02
  -9.5327671e-01  -2.0628419e-01
  -8.7194083e-01  -4.2880922e-01
  -7.3956743e-01  -6.2419984e-01
  -5.6447499e-01  -7.8099357e-01
  -3.5748917e-01  -8.9014850e-01
  -1.3126364e-01  -9.4557263e-01
   1.0050544e-01  -9.4446780e-01
   3.2392143e-01  -8.8746858e-01
   5.2573355e-01  -7.7856953e-01
   6.9413488e-01  -6.2484732e-01
   8.1946346e-01  -4.3599709e-01
   8.9476422e-01  -2.2371370e-01
   9.1617850e-01  -9.5780182e-04
   8.8313941e-01   2.1884662e-01
   7.9836321e-01   4.2263272e-01
   6.6763991e-01   5.9847864e-01
   4.9943884e-01   7.3631438e-01
   3.0435591e-01   8.2850537e-01
   9.4439128e-02   8.7027847e-01
  -1.1756442e-01   8.5996651e-01
  -3.1899230e-01   7.9905923e-01
  -4.9803255e-01   6.9206031e-01
  -6.4442461e-01   5.4616286e-01
  -7.5005330e-01   3.7076616e-01
  -8.0940121e-01   1.7686631e-01
  -8.1983411e-01  -2.3639384e-02
  -7.8170502e-01  -2.1868989e-01
  -6.9827382e-01  -3.9679369e-01
  -5.7545121e-01  -5.4771259e-01
  -4.2138601e-01  -6.6305510e-01
  -2.4592468e-01  -7.3674482e-01
  -5.9978833e-02  -7.6533749e-01
   1.2515838e-01  -7.4817057e-01
   2.9850371e-01  -6.8733995e-01
   4.5004054e-01  -5.8750890e-01
   5.7130126e-01  -4.5556509e-01
   6.5584131e-01  -3.0015026e-01
   6.9957834e-01  -1.3109451e-01
   7.0097893e-01   4.1207668e-02
   6.6108533e-01   2.0643984e-01
   5.8338468e-01   3.5498462e-01
   4.7353267e-01   4.7848563e-01
   3.3895278e-01   5.7031752e-01
   1.8833886e-01   6.2593762e-01
   3.1094255e-02   6.4310107e-01
  -1.2325610e-01   6.2192986e-01
  -2.6564408e-01   5.6483590e-01
  -3.8799176e-01   4.7630703e-01
  -4.8366866e-01   3.6257317e-01
  -5.4784690e-01   2.3117663e-01
  -5.7773575e-01   9.0476088e-02
  -5.7268485e-01  -5.0883597e-02
  -5.3415406e-01  -1.8450186e-01
  -4.6555589e-01  -3.0272086e-01
  -3.7198456e-01  -3.9906223e-01
  -2.5985182e-01  -4.6857753e-01
  -1.3645522e-01  -5.0809376e-01
  -9.5073520e-03  -5.1634255e-01
   1.1334354e-01  -4.9396898e-01
   2.2497200e-01  -4.4342402e-01
   3.1918556e-01  -3.6875095e-01
   3.9106325e-01  -2.7528304e-01
   4.3720431e-01  -1.6927402e-01
   4.5587528e-01  -5.7486470e-02
   4.4705027e-01   5.3234867e-02
   4.1234598e-01   1.5637846e-01
   3.5485950e-01   2.4614484e-01
   2.7892277e-01   3.1776723e-01
   1.8979182e-01   3.6775671e-01
   9.3292582e-02   3.9405980e-01
  -4.5533509e-03   3.9612258e-01
  -9.7899289e-02   3.7486104e-01
  -1.8141783e-01   3.3254359e-01
  -2.5059906e-01   2.7259641e-01
  -3.0198636e-01   1.9934705e-01
  -3.3333805e-01   1.1772448e-01
  -3.4370818e-01   3.2935795e-02
  -3.3344520e-01  -4.9859402e-02
  -3.0411217e-01  -1.2585722e-01
  -2.5833691e-01  -1.9088202e-01
  -1.9960452e-01  -2.4160833e-01
  -1.3200761e-01  -2.7572092e-01
  -5.9971324e-02  -2.9200605e-01
   1.2028608e-02  -2.9037169e-01
   7.9737441e-02  -2.7179864e-01
   1.3936637e-01  -2.3822915e-01
   1.8779728e-01  -1.9240259e-01
   2.2273668e-01  -1.3765099e-01
   2.4281199e-01  -7.7668876e-02
   2.4760717e-01  -1.6272757e-02
   2.3763852e-01   4.2834546e-02
   2.1427527e-01   9.6280538e-02
   1.7961260e-01   1.4120842e-01
   1.3630735e-01   1.7542150e-01
   8.7388308e-02   1.9747995e-01
   3.6054241e-02   2.0674657e-01
  -1.4527613e-02   2.0338141e-01
  -6.1410112e-02   1.8828844e-01
  -1.0203111e-01   1.6302001e-01
  -1.3434592e-01   1.2964739e-01
  -1.5692096e-01   9.0607089e-02
  -1.6898523e-01   4.8533683e-02
  -1.7043858e-01   6.0901786e-03
  -1.6181899e-01  -3.4193620e-02
  -1.4423299e-01  -7.0065342e-02
  -1.1925581e-01  -9.9669048e-02
  -8.8808876e-02  -1.2163323e-01
  -5.5023759e-02  -1.3512426e-01
  -2.0101394e-02  -1.3986402e-01
   1.3824339e-02  -1.3611288e-01
   4.4810708e-02  -1.2462109e-01
   7.1211039e-02  -1.0655342e-01
   9.1755219e-02  -8.3393399e-02
   1.0560238e-01  -5.6834224e-02
   1.1236430e-01  -2.8663755e-02
   1.1209987e-01  -6.5108380e-04
   1.0528286e-01   2.5558544e-02
   9.2746660e-02   4.8534566e-02
   7.5610720e-02   6.7133063e-02
   5.5194558e-02   8.0546669e-02
   3.2925229e-02   8.8330820e-02
   1.0244422e-02   9.0406292e-02
  -1.1479148e-02   8.7039450e-02
  -3.1027042e-02   7.8802876e-02
  -4.7394084e-02   6.6520116e-02
  -5.9834139e-02   5.1198991e-02
  -6.7887055e-02   3.3958306e-02
  -7.1386437e-02   1.5952901e-02
  -7.0449067e-02  -1.6982729e-03
  -6.5447926e-02  -1.7976869e-02
  -5.6971586e-02  -3.2019205e-02
  -4.5773425e-02  -4.3157116e-02
  -3.2714487e-02  -5.0944047e-02
  -1.8703926e-02  -5.5165837e-02
  -4.6408470e-03  -5.5836644e-02
   8.6390040e-03  -5.3181332e-02
   2.0408799e-02  -4.7606382e-02
   3.0086224e-02  -3.9661947e-02
   3.7257670e-02  -2.9998020e-02
   4.1690392e-02  -1.9317825e-02
   4.3332787e-02  -8.3315026e-03
   4.2303675e-02   2.2871256e-03
   3.8872068e-02   1.1938288e-02
   3.3429384e-02   2.0126613e-02
   2.6456385e-02   2.6482803e-02
   1.8487275e-02   3.0775989e-02
   1.0073354e-02   3.2916714e-02
   1.7485023e-03   3.2951123e-02
  -6.0015534e-03   3.1047378e-02
  -1.2764604e-02   2.7475759e-02
  -1.8220834e-02   2.2584169e-02
  -2.2154569e-02   1.6770901e-02
  -2.4458764e-02   1.0456554e-02
  -2.5132525e-02   4.0568893e-03
  -2.4272401e-02  -2.0417937e-03
  -2.2058482e-02  -7.5034691e-03
  -1.8736580e-02  -1.2058414e-02
  -1.4597909e-02  -1.5513879e-02
  -9.9577137e-03  -1.7759195e-02
  -5.1342461e-03  -1.8765463e-02
  -4.2933977e-04  -1.8580311e-02
   3.8883592e-03  -1.7318450e-02
   7.5967087e-03  -1.5148972e-02
   1.0529414e-02  -1.2280439e-02
   1.2581172e-02  -8.9448688e-03
   1.3708659e-02  -5.3816963e-03
   1.3927669e-02  -1.8226878e-03
   1.3306920e-02   1.5213463e-03
   1.1959182e-02   4.4713896e-03
   1.0030534e-02   6.8881588e-03
   7.6885467e-03   8.6769190e-03
   5.1102330e-03   9.7891572e-03
   2.4705114e-03   1.0221296e-02
  -6.8152708e-05   1.0010792e-02
  -2.3643999e-03   9.2300995e-03
  -4.3045522e-03   7.9790593e-03
  -5.8068966e-03   6.3763265e-03
  -6.8236280e-03   4.5504514e-03
  -7.3405473e-03   2.6311912e-03
  -7.3747451e-03   7.4156300e-04
  -6.9705995e-03  -1.0089427e-03
  -6.1944941e-03  -2.5296827e-03
  -5.1286991e-03  -3.7525284e-03
  -3.8648727e-03  -4.6338110e-03
  -2.4976148e-03  -5.1545923e-03
  -1.1184665e-03  -5.3194022e-03
   1.8932294e-04  -5.1536719e-03
   1.3550121e-03  -4.7001434e-03
   2.3234090e-03  -4.0145779e-03
   3.0566658e-03  -3.1610942e-03
   3.5348388e-03  -2.2074588e-03
   3.7553023e-03  -1.2206233e-03
   3.7311659e-03  -2.6275716e-04
   3.4888915e-03   6.1203034e-04
   3.0653369e-03   1.3601450e-03
   2.5044653e-03   1.9500736e-03
   1.8539569e-03   2.3630533e-03
   1.1619401e-03   2.5928953e-03
   4.7403133e-04   2.6450594e-03
  -1.6916629e-04   2.5351138e-03
  -7.3399884e-04   2.2867378e-03
  -1.1950721e-03   1.9294373e-03
  -1.5359208e-03   1.4961441e-03
  -1.7490619e-03   1.0208580e-03
  -1.8354950e-03   5.3647298e-04
  -1.8037364e-03   7.2900933e-05
  -1.6684980e-03  -3.4442230e-04
  -1.4491284e-03  -6.9559790e-04
  -1.1679381e-03  -9.6687267e-04
  -8.4852520e-04  -1.1508065e-03
  -5.1420263e-04  -1.2460357e-03
  -1.8661483e-04  -1.2566908e-03
   1.1539275e-04  -1.1915418e-03
   3.7660891e-04  -1.0629539e-03
   5.8597754e-04  -8.8573760e-04
   7.3680666e-04  -6.7597751e-04
   8.2668718e-04  -4.4991241e-04
   8.5715858e-04  -2.2293141e-04
   8.3317036e-04  -8.7343285e-06
   7.6239529e-04   1.8130990e-04
   6.5445340e-04   3.3858963e-04
   5.2010484e-04   4.5745970e-04
   3.7046471e-04   5.3524495e-04
   2.1628598e-04   5.7206142e-04
   6.7346956e-05   5.7048697e-04
  -6.8030966e-05   5.3511894e-04
  -1.8332031e-04   4.7205922e-04
  -2.7397540e-04   3.8836679e-04
  -3.3747673e-04   2.9151550e-04
  -3.7324582e-04   1.8888986e-04
  -3.8245094e-04   8.7345572e-05
  -3.6772857e-04  -7.1455412e-06
  -3.3284769e-04  -8.9754321e-05
  -2.8234450e-04  -1.5695207e-04
  -2.2115351e-04  -2.0656963e-04
  -1.5425857e-04  -2.3776585e-04
  -8.6382659e-05  -2.5091819e-04
  -2.1731335e-05  -2.4745172e-04
   3.6200994e-05  -2.2962434e-04
   8.4757437e-05  -2.0028698e-04
   1.2217805e-04  -1.6263662e-04
   1.4759676e-04  -1.1997822e-04
   1.6098373e-04  -7.5509431e-05
   1.6304326e-04  -3.2138382e-05
   1.5507922e-04   7.6580240e-06
   1.3884027e-04   4.1931664e-05
   1.1635701e-04   6.9315981e-05
   8.9782191e-05   8.9036312e-05
   6.1243467e-05   1.0088244e-04
   3.2716312e-05   1.0514979e-04
   5.9224160e-06   1.0255694e-04
  -1.7743346e-05   9.4147471e-05
  -3.7256450e-05   8.1184315e-05
  -5.1977837e-05   6.5044096e-05
  -6.1643279e-05   4.7118029e-05
  -6.6330972e-05   2.8724703e-05
  -6.6412179e-05   1.1038640e-05
  -6.2490175e-05  -4.9629684e-06
  -5.5332804e-05  -1.8534382e-05
  -4.5803700e-05  -2.9176664e-05
  -3.4796596e-05  -3.6635760e-05
  -2.3176436e-05  -4.0885678e-05
  -1.1730045e-05  -4.2099784e-05
  -1.1281740e-06  -4.0613570e-05
   8.1002145e-06  -3.6882334e-05
   1.5581452e-05  -3.1437097e-05
   2.1099242e-05  -2.4841729e-05
   2.4586702e-05  -1.7653813e-05
   2.6110227e-05  -1.0391166e-05
   2.5847271e-05  -3.5053604e-06
   2.4060255e-05   2.6370486e-06
   2.1068765e-05   7.7654712e-06
   1.7221998e-05   1.1708777e-05
   1.2873150e-05   1.4392135e-05
   8.3570791e-06   1.5828317e-05
   3.9721895e-06   1.6104750e-05
  -3.2909344e-08   1.5367733e-05
  -3.4677982e-06   1.3805184e-05
  -6.2038556e-06   1.1629204e-05
  -8.1735187e-06   9.0595774e-06
  -9.3658493e-06   6.3091061e-06
  -9.8192017e-06   3.5714430e-06
  -9.6118573e-06   1.0118352e-06
  -8.8514993e-06  -1.2390548e-06
  -7.6643520e-06  -3.0882956e-06
  -6.1847127e-06  -4.4810345e-06
  -4.5454763e-06  -5.3984231e-06
  -2.8701066e-06  -5.8535955e-06
  -1.2663503e-06  -5.8862303e-06
   1.7816165e-07  -5.5562429e-06
   1.3984208e-06  -4.9371261e-06
   2.3527725e-06  -4.1094116e-06
   3.0220815e-06  -3.1546429e-06
   3.4076142e-06  -2.1501667e-06
   3.5279555e-06  -1.1649485e-06
   3.4152967e-06  -2.5652709e-07
   3.1114199e-06   5.3086673e-07
   2.6636763e-06   1.1670821e-06
   2.1212122e-06   1.6358241e-06
   1.5316442e-06   1.9335958e-06
   9.3832623e-07   2.0679975e-06
   3.7829200e-07   2.0555845e-06
  -1.1909720e-07   1.9194864e-06
  -5.3282080e-07   1.6869719e-06
  -8.5024333e-07   1.3871218e-06
  -1.0666261e-06   1.0487410e-06
  -1.1842180e-06   6.9860467e-07
  -1.2110454e-06   3.6009871e-07
  -1.1595251e-06   5.2280802e-08
  -1.0450134e-06  -2.1064297e-07
  -8.8439356e-07  -4.1945626e-07
  -6.9478456e-07  -5.6973571e-07
  -4.9243512e-07  -6.6138334e-07
  -2.9184323e-07  -6.9795922e-07
  -1.0512299e-07  -6.8588775e-07
   5.8380105e-08  -6.3360728e-07
   1.9223923e-07  -5.5072584e-07
   2.9288912e-07  -4.4723541e-07
   3.5939749e-07  -3.3282553e-07
   3.9310662e-07  -2.1632407e-07
   3.9718803e-07  -1.0528072e-07
   3.7615243e-07  -5.6971449e-09
   3.3535293e-07   7.8102407e-08
   2.8051429e-07   1.4347387e-07
   2.1731386e-07   1.8934964e-07
   1.5103267e-07   2.1605186e-07
   8.6287617e-08   2.2504787e-07
   2.6848766e-08   2.1867262e-07
  -2.4460263e-08   1.9984107e-07
  -6.5785895e-08   1.7177045e-07
  -9.6202971e-08   1.3772848e-07
  -1.1562109e-07   1.0081941e-07
  -1.2465339e-07   6.3815329e-08
  -1.2446216e-07   2.9036153e-08
  -1.1659509e-07  -1.7220339e-09
  -1.0282389e-07  -2.7213616e-08
  -8.4995405e-08  -4.6730759e-08
  -6.4902609e-08  -6.0058688e-08
  -4.4180349e-08  -6.7407076e-08
  -2.4228529e-08  -6.9325877e-08
  -6.1630107e-09  -6.6613567e-08
   9.2072102e-09  -6.0224929e-08
   2.1379490e-08  -5.1184351e-08
   3.0137612e-08  -4.0509264e-08
   3.5516988e-08  -2.9146926e-08
   3.7759712e-08  -1.7926347e-08
   3.7264060e-08  -7.5258982e-09
   3.4532608e-08   1.5439878e-09
   3.0122532e-08   8.9444578e-09
   2.4600908e-08   1.4500314e-08
   1.8507023e-08   1.8183005e-08
   1.2322933e-08   2.0087167e-08
   6.4527256e-09   2.0403333e-08
   1.2103556e-09   1.9389224e-08
  -3.1846695e-09   1.7341694e-08
  -6.6048093e-09   1.4571051e-08
  -9.0065589e-09   1.1378957e-08
  -1.0418520e-08   8.0407468e-09
  -1.0926936e-08   4.7925070e-09
  -1.0660066e-08   1.8229355e-09
  -9.7726081e-09  -7.3033513e-10
  -8.4311619e-09  -2.7804943e-09
  -6.8014967e-09  -4.2880923e-09
  -5.0381174e-09  -5.2551518e-09
  -3.2764037e-09  -5.7176597e-09
  -1.6273730e-09  -5.7372103e-09
  -1.7494146e-10  -5.3924909e-09
   1.0245848e-09  -4.7711870e-09
   1.9411513e-09  -3.9627570e-09
   2.5681514e-09  -3.0523877e-09
   2.9186165e-09  -2.1163113e-09
   3.0208287e-09  -1.2185420e-09
   2.9137418e-09  -4.0899013e-10
   2.6425439e-09   2.7717447e-10
   2.2546227e-09   8.1909219e-10
   1.7961230e-09   1.2089386e-09
   1.3092107e-09   1.4500404e-09
   8.3009502e-10   1.5546155e-09
   3.8779671e-10   1.5413523e-09
   3.6075221e-12   1.4330152e-09
  -3.0885129e-10   1.2542272e-09
  -5.4308491e-10   1.0295407e-09
  -6.9882020e-10   7.8186976e-10
  -7.8086566e-10   5.3131903e-10
  -7.9785378e-10   2.9441159e-10
  -7.6096965e-10   8.3693167e-11
  -6.8275115e-10  -9.2332156e-11
  -5.7602565e-10  -2.2899192e-10
  -4.5302721e-10  -3.2502591e-10
  -3.2471804e-10  -3.8202397e-10
  -2.0032039e-10  -4.0378444e-10
  -8.7049771e-11  -3.9565004e-10
   9.9708094e-12  -3.6386893e-10
   8.7644258e-11  -3.1501788e-10
   1.4471354e-10  -2.5551369e-10
   1.8149139e-10  -1.9122790e-10
   1.9953924e-10  -1.2721063e-10
   2.0132622e-10  -6.7520747e-11
   1.8989420e-10  -1.5153182e-11
   1.6854985e-10   2.7950301e-11
   1.4059865e-10   6.0823698e-11
   1.0913025e-10   8.3350537e-11
   7.6859516e-11   9.6106525e-11
   4.6022767e-11   1.0018743e-10
   1.8325535e-11   9.7036360e-11
  -5.0648033e-12   8.8281898e-11
  -2.3489710e-11   7.5595674e-11
  -3.6742564e-11   6.0574936e-11
  -4.4993261e-11   4.4652995e-11
  -4.8702924e-11   2.9037997e-11
  -4.8536275e-11   1.4678508e-11
  -4.5277914e-11   2.2529263e-12
  -3.9757261e-11  -7.8212743e-12
  -3.2785404e-11  -1.5362983e-11
  -2.5105682e-11  -2.0392220e-11
  -1.7358549e-11  -2.3088682e-11
  -1.0060204e-11  -2.3748033e-11
  -3.5936664e-12  -2.2739281e-11
   1.7895814e-12  -2.0465856e-11
   5.9596202e-12  -1.7332212e-11
   8.8921001e-12  -1.3717076e-11
   1.0648502e-11  -9.9537767e-12
   1.1354716e-11  -6.3175357e-12
   1.1179691e-11  -3.0191695e-12
   1.0315564e-11  -2.0431984e-13
   8.9602958e-12   2.0428486e-12
   7.3034393e-12   3.6926364e-12
   5.5153768e-12   4.7606210e-12
   3.7400182e-12   5.2973463e-12
   2.0907485e-12   5.3778051e-12
   6.4923029e-13   5.0914569e-12
  -5.3344389e-13   4.5333373e-12
  -1.4338078e-12   3.7966271e-12
  -2.0518504e-12   2.9668776e-12
  -2.4061489e-12   2.1179365e-12
  -2.5287737e-12   1.3094953e-12
  -2.4603540e-12   5.8608697e-13
  -2.2455993e-12  -2.2698823e-14
  -1.9294828e-12  -5.0105095e-13
  -1.5542033e-12  -8.4509702e-13
  -1.1569685e-12  -1.0606529e-12
  -7.6857507e-13  -1.1607977e-12
  -4.1271461e-13  -1.1634736e-12
  -1.0590035e-13  -1.0892660e-12
   1.4211147e-13  -9.5947499e-13
   3.2753760e-13  -7.9454654e-13
   4.5155028e-13  -6.1289296e-13
   5.1914408e-13  -4.3009940e-13
   5.3798752e-13  -2.5848828e-13
   5.1734018e-13  -1.0699499e-13
   4.6709411e-13   1.8702967e-14
   3.9697773e-13   1.1586594e-13
   3.1594113e-13   1.8424355e-13
   2.3172557e-13   2.2555520e-13
   1.5060663e-13   2.4295007e-13
   7.7291203e-14   2.4048719e-13
   1.4942211e-14   2.2266658e-13
  -3.4698195e-14   1.9403213e-13
  -7.1116448e-14   1.5885745e-13
  -9.4794345e-14   1.2091815e-13
  -1.0695946e-13   8.3347177e-14
  -1.0933961e-13   4.8564998e-14
  -1.0393721e-13   1.8273083e-14
  -9.2834369e-14  -6.5026495e-15
  -7.8035313e-14  -2.5332272e-14
  -6.1348680e-14  -3.8279474e-14
  -4.4308885e-14  -4.5788318e-14
  -2.8133383e-14  -4.8569201e-14
  -1.3710806e-14  -4.7491957e-14
  -1.6140083e-15  -4.3491789e-14
   7.8683870e-15  -3.7491614e-14
   1.4688158e-14  -3.0342464e-14
   1.8987093e-14  -2.2782024e-14
   2.1044915e-14  -1.5410090e-14
   2.1229463e-14  -8.6788804e-15
   1.9952017e-14  -2.8955348e-15
   1.7629670e-14   1.7660732e-15
   1.4655754e-14   5.2471079e-15
   1.1378521e-14   7.5818062e-15
   8.0877044e-15   8.8741171e-15
   5.0080945e-15   9.2748586e-15
   2.2990000e-15   8.9608391e-15
   5.8297429e-17   8.1169315e-15
  -1.6702408e-15   6.9216625e-15
  -2.8875871e-15   5.5365080e-15
  -3.6291696e-15   4.0987925e-15
  -3.9545722e-15   2.7178579e-15
  -3.9379338e-15   1.4740238e-15
  -3.6595464e-15   4.1977348e-16
  -3.1989586e-15  -4.1742478e-16
  -2.6297125e-15  -1.0312283e-15
  -2.0157039e-15  -1.4319758e-15
  -1.4090434e-15  -1.6421220e-15
  -8.4922067e-16  -1.6918940e-15
  -3.6332970e-16  -1.6154168e-15
   3.2905721e-17  -1.4474694e-15
   3.3356183e-16  -1.2209475e-15
   5.4063484e-16  -9.6504641e-16
   6.6205294e-16  -7.0412152e-16
   7.0974292e-16  -4.5714860e-16
   6.9787275e-16  -2.3768104e-16
   6.4135063e-16  -5.4191631e-17
   5.5462489e-16   8.9314992e-17
   4.5079751e-16   1.9252485e-16
   3.4103923e-16   2.5796482e-16
   2.3427614e-16   2.9015647e-16
   1.3710574e-16   2.9483155e-16
   5.3894119e-17   2.7824912e-16
  -1.2995198e-17   2.4663780e-16
  -6.2887724e-17   2.0577258e-16
  -9.6441790e-17   1.6068353e-16
  -1.1528454e-16   1.1548575e-16
  -1.2166740e-16   7.3313316e-17
  -1.1816038e-16   3.6337310e-17
  -1.0739744e-16   5.8465253e-18
  -9.1878300e-17  -1.7629750e-17
  -7.3827266e-17  -3.4175495e-17
  -5.5105174e-17  -4.4334125e-17
  -3.7167890e-17  -4.8959668e-17
  -2.1063093e-17  -4.9082153e-17
  -7.4563434e-18  -4.5793235e-17
   3.3224441e-18  -4.0155195e-17
   1.1220331e-17  -3.3134057e-17
   1.6397544e-17  -2.5555678e-17
   1.9164259e-17  -1.8082336e-17
   1.9922283e-17  -1.1206479e-17
   1.9114534e-17  -5.2579126e-18
   1.7183995e-17  -4.2063179e-19
   1.4542704e-17   3.2442232e-18
   1.1550524e-17   5.7724156e-18
   8.5027937e-18   7.2702217e-18
   5.6255576e-18   7.8895726e-18
   3.0768427e-18   7.8061084e-18
   9.5241375e-19   7.2009779e-18
  -7.0550734e-19   6.2467498e-18
  -1.8979058e-18   5.0974161e-18
  -2.6581525e-18   3.8821856e-18
  -3.0415829e-18   2.7025683e-18
  -3.1161179e-18   1.6321422e-18
  -2.9543303e-18   7.1835314e-19
  -2.6271632e-18  -1.4286880e-20
  -2.1993329e-18  -5.6017630e-19
  -1.7263243e-18  -9.2826897e-19
  -1.2527935e-18  -1.1377792e-18
  -8.1213980e-19  -1.2142377e-18
  -4.2698403e-19  -1.1860912e-18
  -1.1029205e-19  -1.0819514e-18
   1.3309926e-19  -9.2852683e-19
   3.0476350e-19  -7.4921176e-19
   4.1094513e-19  -5.6326892e-19
   4.6092807e-19  -3.8551298e-19
   4.6560209e-19  -2.2639155e-19
   4.3627901e-19  -9.2356887e-20
   3.8378046e-19   1.3572075e-20
   3.1779310e-19   9.1145860e-20
   2.4646973e-19   1.4219237e-19
   1.7624202e-19   1.6995332e-19
   1.1180442e-19   1.7848961e-19
   5.6226414e-20   1.7218056e-19
   1.1152445e-20   1.5532914e-19
  -2.2947577e-20   1.3187417e-19
  -4.6508060e-20   1.0520289e-19
  -6.0602382e-20   7.8051490e-20
  -6.6700264e-20   5.2478098e-20
  -6.6459484e-20   2.9891500e-20
  -6.1558086e-20   1.1119105e-20
  -5.3568702e-20  -3.5009099e-21
  -4.3873159e-20  -1.4016187e-20
  -3.3613077e-20  -2.0755921e-20
  -2.3670675e-20  -2.4233490e-20
  -1.4673306e-20  -2.5061237e-20
  -7.0152100e-21  -2.3880402e-20
  -8.9040466e-22  -2.1307330e-20
   3.6685767e-21  -1.7895595e-20
   6.7504473e-21  -1.4112620e-20
   8.5267421e-21  -1.0328685e-20
   9.2175213e-21  -6.8158733e-21
   9.0626100e-21  -3.7544113e-21
   8.2990069e-21  -1.2439989e-21
   7.1444800e-21   6.8201727e-22
   5.7869077e-21   2.0414071e-21
   4.3786231e-21   2.8881507e-21
   3.0348483e-21   3.2988619e-21
   1.8352457e-21   3.3611796e-21
   8.2764658e-22   3.1644520e-21
   3.3103895e-23   2.7927841e-21
  -5.4845363e-22   2.3203267e-21
  -9.3253950e-22   1.8085544e-21
  -1.1448238e-21   1.3051990e-21
  -1.2165250e-21   8.4447371e-22
  -1.1806354e-21   4.4822643e-22
  -1.0690335e-21   1.2768655e-22
  -9.1045711e-22  -1.1448124e-22
  -7.2925381e-22  -2.8205046e-22
  -5.4479178e-22  -3.8320938e-22
  -3.7139543e-22  -4.2876178e-22
  -2.1866897e-22  -4.3062370e-22
  -9.2079016e-23  -4.0064683e-22
   6.3170730e-24  -3.4976675e-22
   7.7090362e-23  -2.8745064e-22
   1.2267897e-22  -2.2140375e-22
   1.4669709e-22  -1.5748602e-22
   1.5334637e-22  -9.9787460e-23
   1.4694513e-22  -5.0813593e-23
   1.3157818e-22  -1.1736994e-23
   1.1086005e-22   1.7321763e-23
   8.7798190e-23   3.7012642e-23
   6.4738698e-23   4.8495212e-23
   4.3376094e-23   5.3211943e-23
   2.4808611e-23   5.2703177e-23
   9.6224372e-24   4.8466011e-23
  -2.0093770e-24   4.1855492e-23
  -1.0224774e-23   3.4023761e-23
  -1.5375801e-23   2.5891179e-23
  -1.7942748e-23   1.8142730e-23
  -1.8462656e-23   1.1242928e-23
  -1.7473544e-23   5.4630018e-24
  -1.5474129e-23   9.1487805e-25
  -1.2897753e-23  -2.4124495e-24
  -1.0098484e-23  -4.6175659e-24
  -7.3470328e-24  -5.8546524e-24
  -4.8340552e-24  -6.3063296e-24
  -2.6785035e-24  -6.1620100e-24
  -9.3899806e-25  -5.6018360e-24
   3.7348936e-25  -4.7858419e-24
   1.2829622e-24  -3.8476813e-24
   1.8366844e-24  -2.8921071e-24
   2.0950368e-24  -1.9953340e-24
   2.1232620e-24  -1.2074410e-24
   1.9851881e-24  -5.5605710e-25
   1.7388417e-24  -5.0688180e-26
   1.4337462e-24   3.1282368e-25
   1.1096303e-24   5.4808201e-25
   7.9624336e-25   6.7440938e-25
   5.1397657e-25   7.1375409e-25
   2.7501224e-25   6.8828359e-25
   8.4764434e-26   6.1865061e-25
  -5.6582095e-26   5.2287119e-25
  -1.5257936e-25   4.1572434e-25
  -2.0916989e-25   3.0856942e-25
  -2.3354707e-25   2.0947515e-25
  -2.3324917e-25   1.2356092e-25
  -2.1548879e-25   5.3463312e-26
  -1.8670090e-25  -1.4374488e-28
  -1.5228068e-25  -3.8030237e-26
  -1.1647651e-25  -6.1931894e-26
  -8.2401179e-26  -7.4137288e-26
  -5.2126350e-26  -7.7152816e-26
  -2.6828860e-26  -7.3448550e-26
  -6.9626350e-27  -6.5280888e-26
   7.5643737e-27  -5.4583246e-26
   1.7223234e-26  -4.2913333e-26
   2.2716937e-26  -3.1444556e-26
   2.4858631e-26  -2.0989330e-26
   2.4477124e-26  -1.2043183e-26
   2.2348925e-26  -4.8401842e-27
   1.9154269e-26   5.8788174e-28
   1.5453466e-26   4.3542393e-27
   1.1679419e-26   6.6655912e-27
   8.1421467e-27   7.7786119e-27
   5.0414026e-27   7.9654499e-27
   2.4840543e-27   7.4882442e-27
   5.0346085e-28   6.5819573e-27
  -9.2123034e-28   5.4443914e-27
  -1.8473369e-27   4.2320344e-27
  -2.3533564e-27   3.0603269e-27
  -2.5265947e-27   2.0070196e-27
  -2.4538012e-27   1.1174419e-27
  -2.2146401e-27   4.1070553e-28
  -1.8776611e-27  -1.1391611e-28
  -1.4983349e-27  -4.7098090e-28
  -1.1186913e-27  -6.8359762e-28
  -7.6810772e-28  -7.7906587e-28
  -4.6484309e-28  -7.8549949e-28
  -2.1797400e-28  -7.2940177e-28
  -2.9462058e-29  -6.3409539e-28
   1.0384832e-28  -5.1887289e-28
   1.8843652e-28  -3.9871705e-28
   2.3259506e-28  -2.8444148e-28
   2.4523440e-28  -1.8311365e-28
   2.3500145e-28  -9.8642086e-29
   2.0968585e-28  -3.2432175e-29
   1.7587341e-28   1.5961494e-29
   1.3879897e-28   4.8236325e-29
   1.0234975e-28   6.6827125e-29
   6.9173199e-29   7.4490516e-29
   4.0849084e-29   7.3990872e-29
   1.8092764e-29   6.7881543e-29
   9.6417141e-31   5.8369514e-29
  -1.0935708e-29   4.7248693e-29
  -1.8292484e-29   3.5886103e-29
  -2.1936345e-29   2.5245889e-29
  -2.2732290e-29   1.5937660e-29
  -2.1501364e-29   8.2778903e-30
  -1.8969618e-29   2.3555293e-30
  -1.5740290e-29  -1.9046701e-30
  -1.2284270e-29  -4.6854000e-30
  -8.9439678e-30  -6.2290938e-30
  -5.9461401e-30  -6.8002550e-30
  -3.4198992e-30  -6.6577068e-30
  -1.4168683e-30  -6.0358962e-30
   6.8778800e-32  -5.1339333e-30
   1.0819510e-30  -4.1108396e-30
   1.6908851e-30  -3.0854568e-30
   1.9744474e-30  -2.1395746e-30
   2.0125497e-30  -1.3230287e-30
   1.8794753e-30  -6.5974840e-31
   1.6397393e-30  -1.5397624e-31
   1.3460225e-30   2.0389079e-31
   1.0386964e-30   4.3218630e-31
   7.4647924e-31   5.5376748e-31
   4.8781620e-31   5.9276811e-31
   2.7264702e-31   5.7227049e-31
   1.0429706e-31   5.1279426e-31
  -1.8698187e-32   4.3146645e-31
  -1.0096049e-31   3.4172524e-31
  -1.4889899e-31   2.5341281e-31
  -1.6963008e-31   1.7312733e-31
  -1.7018245e-31   1.0472393e-31
  -1.5696112e-31   4.9877243e-32
  -1.3543170e-31   8.6407394e-33
  -1.0998050e-31  -2.0041155e-32
  -8.3906054e-32  -3.7894521e-32
  -5.9500948e-32  -4.6962986e-32
  -3.8188748e-32  -4.9341668e-32
  -2.0687327e-32  -4.6991849e-32
  -7.1770197e-33  -4.1625667e-32
   2.5415461e-33  -3.4647815e-32
   8.9094422e-33  -2.7140782e-32
   1.2496100e-32  -1.9880902e-32
   1.3911941e-32  -1.3374053e-32
   1.3745749e-32  -7.9018205e-33
   1.2523941e-32  -3.5710102e-33
   1.0688014e-32  -3.6141094e-34
   8.5861584e-33   1.8315136e-33
   6.4751724e-33   3.1608517e-33
   4.5291886e-33   3.8000747e-33
   2.8523162e-33   3.9223162e-33
   1.4928961e-33   3.6863885e-33
   4.5768595e-34   3.2284972e-33
  -2.7516255e-34   2.6584915e-33
  -7.4500461e-34   2.0594841e-33
  -9.9978055e-34   1.4897817e-33
  -1.0892958e-33   9.8621622e-34
  -1.0605381e-33   5.6814963e-34
  -9.5475309e-34   2.4160338e-34
  -8.0594601e-34   3.1337230e-36
  -6.4046750e-34  -1.5678318e-34
  -4.7736370e-34  -2.5097459e-34
  -3.2921210e-34  -2.9343276e-34
  -2.0321540e-34  -2.9778200e-34
  -1.0237877e-34  -2.7627947e-34
  -2.6645928e-35  -2.3925693e-34
   2.6086149e-35  -1.9490512e-34
   5.9117835e-35  -1.4930568e-34
   7.6278717e-35  -1.0662688e-34
   8.1436263e-35  -6.9412752e-35
   7.8163728e-35  -3.8911136e-35
   6.9542281e-35  -1.5400410e-35
   5.8069433e-35   1.5116185e-36
   4.5646206e-35   1.2632338e-35
   3.3618058e-35   1.8979253e-35
   2.2848347e-35   2.1625595e-35
   1.3807417e-35   2.1592647e-35
   6.6647188e-36   1.9782238e-35
   1.3752656e-36   1.6941682e-35
  -2.2448894e-36   1.3653278e-35
  -4.4568036e-36   1.0341081e-35
  -5.5510398e-36   7.2886044e-36
  -5.8135306e-36   4.6623351e-36
  -5.5032669e-36   2.5371480e-36
  -4.8397221e-36   9.2085642e-37
  -3.9978054e-36  -2.2386679e-37
  -3.1082445e-36  -9.6115563e-37
  -2.2615416e-36  -1.3675383e-36
  -1.5139725e-36  -1.5213389e-36
  -8.9443527e-37  -1.4955020e-36
  -4.1128882e-37  -1.3532898e-36
  -5.8607271e-38  -1.1462481e-36
   1.7847839e-37  -9.1384555e-37
   3.1949398e-37  -6.8425187e-37
   3.8539592e-37  -4.7580513e-37
   3.9631875e-37  -2.9881016e-37
   3.7015697e-37  -1.5740444e-37
   3.2181814e-37  -5.1310731e-38
   2.6298270e-37   2.2633409e-38
   2.0221862e-37   6.9223048e-38
   1.4532054e-37   9.3922105e-38
   9.5768132e-38   1.0217187e-37
   5.5224222e-38   9.8937671e-38
   2.4016747e-38   8.8451042e-38
   1.5690913e-39   7.4102426e-38
  -1.3240159e-38   5.8442194e-38
  -2.1794521e-38   4.3252771e-38
  -2.5531686e-38   2.9661380e-38
  -2.5802446e-38   1.8269865e-38
  -2.3785575e-38   9.2846395e-39
  -2.0446709e-38   2.6356326e-39
  -1.6529606e-38  -1.9221676e-39
  -1.2569391e-38  -4.7272580e-39
  -8.9190717e-39  -6.1503091e-39
  -5.7824770e-39  -6.5513015e-39
  -3.2485763e-39  -6.2524163e-39
  -1.3237550e-39  -5.5235605e-39
   4.0017737e-41  -4.5773985e-39
   9.2212627e-40  -3.5710255e-39
   1.4155670e-39  -2.6118355e-39
   1.6142077e-39  -1.7656233e-39
   1.6044079e-39  -1.0654466e-39
   1.4602083e-39  -5.2021909e-40
   1.2412594e-39  -1.2238768e-40
   9.9271656e-40   1.4565087e-40
   7.4642301e-40   3.0650863e-40
   5.2282945e-40   3.8409636e-40
   3.3322693e-40   4.0110075e-40
   1.8198954e-40   3.7745205e-40
   6.8629392e-41   3.2956844e-40
  -1.0448887e-41   2.7017034e-40
  -6.0540933e-41   2.0848084e-40
  -8.7583121e-41   1.5065937e-40
  -9.7410667e-41   1.0034883e-40
  -9.5286173e-41   5.9248604e-41
  -8.5644459e-41   2.7654496e-41
  -7.1999679e-41   4.9301780e-42
  -5.6965556e-41  -1.0106885e-41
  -4.2347026e-41  -1.8888460e-41
  -2.9270034e-41  -2.2882055e-41
  -1.8324630e-41  -2.3450039e-41
  -9.7041299e-42  -2.1767971e-41
  -3.3295421e-42  -1.8788320e-41
   1.0464086e-42  -1.5236623e-41
   3.7575480e-42  -1.1628916e-41
   5.1640554e-42  -8.3013316e-42
   5.6114285e-42  -5.4449356e-42
   5.4053930e-42  -3.1408730e-42
   4.7992777e-42  -1.3926193e-42
   3.9905196e-42  -1.5352991e-43
   3.1233444e-42   6.5106152e-43
   2.2951768e-42   1.1071950e-42
   1.5648813e-42   1.3006061e-42
   9.6144808e-43   1.3092688e-42
   4.9219650e-43   1.1993047e-42
   1.4994429e-43   1.0234126e-42
  -8.1122148e-44   8.2105196e-43
  -2.2092871e-43   6.1973275e-43
  -2.9026054e-43   4.3689955e-43
  -3.0860769e-43   2.8202832e-43
  -2.9290449e-43   1.5867269e-43
  -2.5695225e-43   6.6296267e-44
  -2.1132967e-43   1.8050560e-45
  -1.6362258e-43  -3.9247928e-44
  -1.1883698e-43  -6.1774625e-44
  -7.9892068e-44  -7.0544945e-44
  -4.8120213e-44  -6.9813111e-44
  -2.3726761e-44  -6.3126000e-44
  -6.1830909e-45  -5.3264508e-44
   5.4579603e-45  -4.2274793e-44
   1.2324286e-44  -3.1553894e-44
   1.5557359e-44  -2.1962234e-44
   1.6204956e-44  -1.3943109e-44
   1.5161541e-44  -7.6358919e-45
   1.3144250e-44  -2.9750743e-45
   1.0693606e-44   2.2858007e-46
   8.1898686e-45   2.2255258e-45
   5.8777991e-45   3.2823686e-45
   3.8945331e-45   3.6519067e-45
   2.2969039e-45   3.5554378e-45
   1.0859507e-45   3.1744230e-45
   2.2743384e-46   2.6488207e-45
  -3.3202879e-46   2.0797857e-45
  -6.5305170e-46   1.5348817e-45
  -7.9531796e-46   1.0544089e-45
  -8.1251927e-46   6.5786046e-46
  -7.4971248e-46   3.4987628e-46
  -6.4243912e-46   1.2533788e-46
  -5.1703559e-46  -2.6539625e-47
  -3.9166493e-46  -1.1911957e-46
  -2.7770862e-46  -1.6616844e-46
  -1.8125830e-46  -1.8045282e-46
  -1.0453417e-46  -1.7294960e-46
  -4.7128031e-47  -1.5251359e-46
  -7.0227472e-48  -1.2586271e-46
   1.8621836e-47  -9.7763902e-47
   3.2901270e-47  -7.1327868e-47
   3.8787731e-47  -4.8345172e-47
   3.8904265e-47  -2.9617420e-47
   3.5415563e-47  -1.5255031e-47
   3.0001716e-47  -4.9267700e-48
   2.3886276e-47   1.9438012e-48
   1.7895723e-47   6.0331197e-48
   1.2533073e-47   8.0177953e-48
   8.0535563e-48   8.5123187e-48
   4.5346205e-48   8.0359401e-48
   1.9359322e-48   7.0008035e-48
   1.4761447e-49   5.7144331e-48
  -9.7330751e-49   4.3909364e-48
  -1.5771718e-48   3.1666032e-48
  -1.8049957e-48   2.1167991e-48
  -1.7789677e-48   1.2721025e-48
  -1.5982848e-48   6.3247577e-49
  -1.3386976e-48   1.7890063e-49
  -1.0544031e-48  -1.1764058e-49
  -7.8121835e-49  -2.8966672e-49
  -5.4025580e-49  -3.6884417e-49
  -3.4156688e-49  -3.8336866e-49
  -1.8742768e-49  -3.5666684e-49
  -7.5096424e-50  -3.0703669e-49
   1.0131017e-51  -2.4790299e-49
   4.7722538e-50  -1.8842976e-49
   7.1979320e-50  -1.3429642e-49
   8.0159606e-50  -8.8502643e-50
   7.7691375e-50  -5.2115733e-50
   6.8910606e-50  -2.4912515e-50
   5.7074846e-50  -5.8960095e-51
   4.4472636e-50   6.3136174e-51
   3.2581795e-50   1.3202326e-50
   2.2242977e-50   1.6181865e-50
   1.3826321e-50   1.6485773e-50
   7.3781785e-51   1.5122172e-50
   2.7417802e-51   1.2865961e-50
  -3.4951042e-52   1.0275979e-50
  -2.2045753e-51   7.7259117e-51
  -3.1290573e-51   5.4407200e-51
  -3.3977663e-51   3.5330246e-51
  -3.2406739e-51   2.0360273e-51
  -2.8385723e-51   9.3119161e-52
  -2.3250682e-51   1.7009164e-52
  -1.7922728e-51  -3.0938398e-52
  -1.2982150e-51  -5.7182138e-52
  -8.7460805e-52  -6.7719185e-52
  -5.3409352e-52  -6.7695727e-52
  -2.7647838e-52  -6.1249970e-52
  -9.3763080e-53  -5.1512112e-52
   2.6047692e-53  -4.0700248e-52
   9.6240352e-53  -3.0265735e-52
   1.2962086e-52  -2.1054872e-52
   1.3748130e-52  -1.3465121e-52
   1.2911515e-52  -7.5830719e-53
   1.1171330e-52  -3.2981130e-53
   9.0501848e-53  -3.9042362e-54
   6.9013913e-53   1.4050809e-53
   4.9416924e-53   2.3555607e-53
   3.2842319e-53   2.7038252e-53
   1.9685021e-53   2.6546296e-53
   9.8558439e-54   2.3700157e-53
   2.9810378e-54   1.9705910e-53
  -1.4494156e-54   1.5402890e-53
  -3.9788697e-54   1.1327819e-53
  -5.1184916e-54   7.7827740e-54
  -5.3107207e-54   4.8989311e-54
  -4.9138035e-54   2.6916037e-54
  -4.2005754e-54   1.1046920e-54
  -3.3659789e-54   4.4436625e-56
  -2.5391363e-54  -5.9656044e-55
  -1.7970055e-54  -9.2352024e-55
  -1.1776698e-54  -1.0301591e-54
  -6.9211748e-55  -9.9418144e-55
  -3.3396842e-55  -8.7611723e-55
  -8.7017182e-56  -7.2029047e-55
   6.9271982e-56  -5.5697655e-55
   1.5603861e-55  -4.0506658e-55
   1.9272679e-55  -2.7477740e-55
   1.9586878e-55  -1.7012505e-55
   1.7863832e-55  -9.1014868e-56
   1.5091026e-55  -3.4897281e-56
   1.1961847e-55   1.9991468e-57
   8.9257950e-56   2.3808874e-56
   6.2424261e-56   3.4479168e-56
   4.0322612e-56   3.7458857e-56
   2.3208860e-56   3.5560826e-56
   1.0746475e-56   3.0942093e-56
   2.2781555e-57   2.5156264e-56
  -2.9803155e-57   1.9244143e-56
  -5.8117805e-57   1.3838271e-56
  -6.9212424e-57   9.2655098e-57
  -6.8978943e-57   5.6383566e-57
  -6.2038820e-57   2.9305305e-57
  -5.1801333e-57   1.0357208e-57
  -4.0617949e-57  -1.8951087e-58
  -2.9978725e-57  -8.9651378e-58
  -2.0714374e-57  -1.2263763e-57
  -1.3181692e-57  -1.3001305e-57
  -7.4207386e-58  -1.2149136e-57
  -3.2796271e-58  -1.0440548e-57
  -5.0768386e-59  -8.3948797e-58
   1.1794474e-58  -6.3530746e-58
   2.0578294e-58  -4.5164967e-58
   2.3711646e-58  -2.9838273e-58
   2.3197491e-58  -1.7831488e-58
   2.0582527e-58  -8.9798120e-59
   1.6989501e-58  -2.8713785e-59
   1.3178620e-58   1.0106006e-59
   9.6200583e-59   3.1932921e-59
   6.5657901e-59   4.1573169e-59
   4.1138491e-59   4.3077708e-59
   2.2616747e-59   3.9646689e-59
   9.4767121e-60   3.3658253e-59
   8.1640382e-61   2.6767910e-59
  -4.3440816e-60   2.0039599e-59
  -6.9321137e-60   1.4082311e-59
  -7.7509745e-60   9.1762561e-60
  -7.4502151e-60   5.3801849e-60
  -6.5236847e-60   2.6168200e-60
  -5.3240524e-60   7.3678640e-61
  -4.0855707e-60  -4.3654704e-61
  -2.9493921e-60  -1.0779792e-60
  -1.9878306e-60  -1.3435838e-60
  -1.2255530e-60  -1.3626887e-60
  -6.5682521e-61  -1.2358762e-60
  -2.5869690e-61  -1.0367223e-60
  -4.7150068e-64  -8.1554249e-61
