-8.000000e+00 0.000000e+00
-7.600000e+00 3.926991e-01
-7.200000e+00 7.853982e-01
-6.800000e+00 1.178097e+00
-6.400000e+00 1.570796e+00
-6.000000e+00 1.963495e+00
-5.600000e+00 2.356194e+00
-5.200000e+00 2.748894e+00
-4.800000e+00 3.141593e+00
-4.400000e+00 3.534292e+00
-4.000000e+00 3.926991e+00
-3.600000e+00 4.319690e+00
-3.200000e+00 4.712389e+00
-2.800000e+00 5.105088e+00
-2.400000e+00 5.497787e+00
-2.000000e+00 5.890486e+00
-1.600000e+00 6.283185e+00
-1.200000e+00 6.675884e+00
-8.000000e-01 7.068583e+00
-4.000000e-01 7.461283e+00
0.000000e+00 -7.853982e+00
4.000000e-01 -7.461283e+00
8.000000e-01 -7.068583e+00
1.200000e+00 -6.675884e+00
1.600000e+00 -6.283185e+00
2.000000e+00 -5.890486e+00
2.400000e+00 -5.497787e+00
2.800000e+00 -5.105088e+00
3.200000e+00 -4.712389e+00
3.600000e+00 -4.319690e+00
4.000000e+00 -3.926991e+00
4.400000e+00 -3.534292e+00
4.800000e+00 -3.141593e+00
5.200000e+00 -2.748894e+00
5.600000e+00 -2.356194e+00
6.000000e+00 -1.963495e+00
6.400000e+00 -1.570796e+00
6.800000e+00 -1.178097e+00
7.200000e+00 -7.853982e-01
7.600000e+00 -3.926991e-01
