8.662866e-128
3.547064e-123
1.013282e-118
2.019509e-114
2.808117e-110
2.724197e-106
1.843808e-102
8.706570e-99
2.868352e-95
6.592827e-92
1.057219e-88
1.182803e-85
9.232376e-83
5.027693e-80
1.910196e-77
5.063388e-75
9.363934e-73
1.208174e-70
1.087564e-68
6.830207e-67
2.992726e-65
9.148589e-64
1.951171e-62
2.903290e-61
3.013974e-60
2.182944e-59
1.103061e-58
3.888755e-58
9.564795e-58
1.641325e-57
1.965023e-57
1.641325e-57
9.564795e-58
3.888755e-58
1.103061e-58
2.182944e-59
3.013974e-60
2.903290e-61
1.951171e-62
9.148589e-64
2.992726e-65
6.830207e-67
1.087564e-68
1.208174e-70
9.363934e-73
5.063388e-75
1.910196e-77
5.027693e-80
9.232376e-83
1.182803e-85
1.057219e-88
6.592827e-92
2.868352e-95
8.706570e-99
1.843808e-102
2.724197e-106
2.808117e-110
2.019509e-114
1.013282e-118
3.547064e-123
2.278540e-122
9.329624e-118
2.665174e-113
5.311790e-109
7.386016e-105
7.165287e-101
4.849656e-97
2.290036e-93
7.544450e-90
1.734071e-86
2.780738e-83
3.111053e-80
2.428335e-77
1.322403e-74
5.024271e-72
1.331792e-69
2.462938e-67
3.177786e-65
2.860552e-63
1.796507e-61
7.871584e-60
2.406297e-58
5.132044e-57
7.636344e-56
7.927469e-55
5.741662e-54
2.901314e-53
1.022835e-52
2.515769e-52
4.317077e-52
5.168480e-52
4.317077e-52
2.515769e-52
1.022835e-52
2.901314e-53
5.741662e-54
7.927469e-55
7.636344e-56
5.132044e-57
2.406297e-58
7.871584e-60
1.796507e-61
2.860552e-63
3.177786e-65
2.462938e-67
1.331792e-69
5.024271e-72
1.322403e-74
2.428335e-77
3.111053e-80
2.780738e-83
1.734071e-86
7.544450e-90
2.290036e-93
4.849656e-97
7.165287e-101
7.386016e-105
5.311790e-109
2.665174e-113
9.329624e-118
3.160119e-117
1.293930e-112
3.696342e-108
7.366947e-104
1.024370e-99
9.937572e-96
6.726011e-92
3.176062e-88
1.046343e-84
2.404991e-81
3.856619e-78
4.314734e-75
3.367870e-72
1.834047e-69
6.968186e-67
1.847068e-64
3.415861e-62
4.407287e-60
3.967313e-58
2.491585e-56
1.091714e-54
3.337305e-53
7.117657e-52
1.059088e-50
1.099465e-49
7.963139e-49
4.023846e-48
1.418575e-47
3.489132e-47
5.987375e-47
7.168190e-47
5.987375e-47
3.489132e-47
1.418575e-47
4.023846e-48
7.963139e-49
1.099465e-49
1.059088e-50
7.117657e-52
3.337305e-53
1.091714e-54
2.491585e-56
3.967313e-58
4.407287e-60
3.415861e-62
1.847068e-64
6.968186e-67
1.834047e-69
3.367870e-72
4.314734e-75
3.856619e-78
2.404991e-81
1.046343e-84
3.176062e-88
6.726011e-92
9.937572e-96
1.024370e-99
7.366947e-104
3.696342e-108
1.293930e-112
2.311009e-112
9.462568e-108
2.703152e-103
5.387481e-99
7.491264e-95
7.267390e-91
4.918762e-87
2.322668e-83
7.651955e-80
1.758781e-76
2.820363e-73
3.155384e-70
2.462938e-67
1.341247e-64
5.095865e-62
1.350769e-59
2.498034e-57
3.223069e-55
2.901314e-53
1.822107e-51
7.983751e-50
2.440586e-48
5.205174e-47
7.745159e-46
8.040433e-45
5.823479e-44
2.942657e-43
1.037410e-42
2.551618e-42
4.378594e-42
5.242129e-42
4.378594e-42
2.551618e-42
1.037410e-42
2.942657e-43
5.823479e-44
8.040433e-45
7.745159e-46
5.205174e-47
2.440586e-48
7.983751e-50
1.822107e-51
2.901314e-53
3.223069e-55
2.498034e-57
1.350769e-59
5.095865e-62
1.341247e-64
2.462938e-67
3.155384e-70
2.820363e-73
1.758781e-76
7.651955e-80
2.322668e-83
4.918762e-87
7.267390e-91
7.491264e-95
5.387481e-99
2.703152e-103
9.462568e-108
8.911511e-108
3.648873e-103
1.042366e-98
2.077474e-94
2.888716e-90
2.802388e-86
1.896730e-82
8.956469e-79
2.950680e-75
6.782057e-72
1.087564e-68
1.216752e-65
9.497367e-63
5.171999e-60
1.965023e-57
5.208719e-55
9.632701e-53
1.242852e-50
1.118779e-48
7.026250e-47
3.078625e-45
9.411175e-44
2.007174e-42
2.986621e-41
3.100482e-40
2.245599e-39
1.134722e-38
4.000372e-38
9.839327e-38
1.688435e-37
2.021424e-37
1.688435e-37
9.839327e-38
4.000372e-38
1.134722e-38
2.245599e-39
3.100482e-40
2.986621e-41
2.007174e-42
9.411175e-44
3.078625e-45
7.026250e-47
1.118779e-48
1.242852e-50
9.632701e-53
5.208719e-55
1.965023e-57
5.171999e-60
9.497367e-63
1.216752e-65
1.087564e-68
6.782057e-72
2.950680e-75
8.956469e-79
1.896730e-82
2.802388e-86
2.888716e-90
2.077474e-94
1.042366e-98
3.648873e-103
1.811977e-103
7.419250e-99
2.119441e-94
4.224125e-90
5.873624e-86
5.698092e-82
3.856619e-78
1.821118e-74
5.999615e-71
1.378995e-67
2.211342e-64
2.474020e-61
1.931099e-58
1.051622e-55
3.995480e-53
1.059088e-50
1.958616e-48
2.527089e-46
2.274813e-44
1.428647e-42
6.259765e-41
1.913573e-39
4.081185e-38
6.072693e-37
6.304206e-36
4.565975e-35
2.307228e-34
8.133952e-34
2.000629e-33
3.433094e-33
4.110159e-33
3.433094e-33
2.000629e-33
8.133952e-34
2.307228e-34
4.565975e-35
6.304206e-36
6.072693e-37
4.081185e-38
1.913573e-39
6.259765e-41
1.428647e-42
2.274813e-44
2.527089e-46
1.958616e-48
1.059088e-50
3.995480e-53
1.051622e-55
1.931099e-58
2.474020e-61
2.211342e-64
1.378995e-67
5.999615e-71
1.821118e-74
3.856619e-78
5.698092e-82
5.873624e-86
4.224125e-90
2.119441e-94
7.419250e-99
1.942698e-99
7.954498e-95
2.272345e-90
4.528867e-86
6.297366e-82
6.109171e-78
4.134848e-74
1.952499e-70
6.432447e-67
1.478480e-63
2.370876e-60
2.652504e-57
2.070414e-54
1.127490e-51
4.283727e-49
1.135494e-46
2.099917e-44
2.709401e-42
2.438925e-40
1.531714e-38
6.711364e-37
2.051625e-35
4.375614e-34
6.510797e-33
6.759012e-32
4.895379e-31
2.473679e-30
8.720761e-30
2.144961e-29
3.680768e-29
4.406679e-29
3.680768e-29
2.144961e-29
8.720761e-30
2.473679e-30
4.895379e-31
6.759012e-32
6.510797e-33
4.375614e-34
2.051625e-35
6.711364e-37
1.531714e-38
2.438925e-40
2.709401e-42
2.099917e-44
1.135494e-46
4.283727e-49
1.127490e-51
2.070414e-54
2.652504e-57
2.370876e-60
1.478480e-63
6.432447e-67
1.952499e-70
4.134848e-74
6.109171e-78
6.297366e-82
4.528867e-86
2.272345e-90
7.954498e-95
1.098272e-95
4.496940e-91
1.284631e-86
2.560318e-82
3.560108e-78
3.453716e-74
2.337566e-70
1.103812e-66
3.636474e-63
8.358336e-60
1.340334e-56
1.499548e-53
1.170474e-50
6.374070e-48
2.421732e-45
6.419324e-43
1.187152e-40
1.531714e-38
1.378805e-36
8.659284e-35
3.794155e-33
1.159851e-31
2.473679e-30
3.680768e-29
3.821092e-28
2.767519e-27
1.398452e-26
4.930134e-26
1.212617e-25
2.080860e-25
2.491241e-25
2.080860e-25
1.212617e-25
4.930134e-26
1.398452e-26
2.767519e-27
3.821092e-28
3.680768e-29
2.473679e-30
1.159851e-31
3.794155e-33
8.659284e-35
1.378805e-36
1.531714e-38
1.187152e-40
6.419324e-43
2.421732e-45
6.374070e-48
1.170474e-50
1.499548e-53
1.340334e-56
8.358336e-60
3.636474e-63
1.103812e-66
2.337566e-70
3.453716e-74
3.560108e-78
2.560318e-82
1.284631e-86
4.496940e-91
3.273901e-92
1.340519e-87
3.829432e-83
7.632200e-79
1.061253e-74
1.029538e-70
6.968186e-67
3.290418e-63
1.084018e-59
2.491585e-56
3.995480e-53
4.470089e-50
3.489132e-47
1.900084e-44
7.219081e-42
1.913573e-39
3.538851e-37
4.565975e-35
4.110159e-33
2.581296e-31
1.131022e-29
3.457467e-28
7.373933e-27
1.097222e-25
1.139052e-24
8.249858e-24
4.168728e-23
1.469652e-22
3.614761e-22
6.202955e-22
7.426286e-22
6.202955e-22
3.614761e-22
1.469652e-22
4.168728e-23
8.249858e-24
1.139052e-24
1.097222e-25
7.373933e-27
3.457467e-28
1.131022e-29
2.581296e-31
4.110159e-33
4.565975e-35
3.538851e-37
1.913573e-39
7.219081e-42
1.900084e-44
3.489132e-47
4.470089e-50
3.995480e-53
2.491585e-56
1.084018e-59
3.290418e-63
6.968186e-67
1.029538e-70
1.061253e-74
7.632200e-79
3.829432e-83
1.340519e-87
5.146038e-89
2.107077e-84
6.019241e-80
1.199657e-75
1.668117e-71
1.618266e-67
1.095285e-63
5.171999e-60
1.703899e-56
3.916364e-53
6.280241e-50
7.026250e-47
5.484346e-44
2.986621e-41
1.134722e-38
3.007825e-36
5.562496e-34
7.176966e-32
6.460499e-30
4.057376e-28
1.777781e-26
5.434574e-25
1.159062e-23
1.724653e-22
1.790403e-21
1.296743e-20
6.552559e-20
2.310053e-19
5.681814e-19
9.750032e-19
1.167291e-18
9.750032e-19
5.681814e-19
2.310053e-19
6.552559e-20
1.296743e-20
1.790403e-21
1.724653e-22
1.159062e-23
5.434574e-25
1.777781e-26
4.057376e-28
6.460499e-30
7.176966e-32
5.562496e-34
3.007825e-36
1.134722e-38
2.986621e-41
5.484346e-44
7.026250e-47
6.280241e-50
3.916364e-53
1.703899e-56
5.171999e-60
1.095285e-63
1.618266e-67
1.668117e-71
1.199657e-75
6.019241e-80
2.107077e-84
4.265126e-86
1.746382e-81
4.988852e-77
9.942968e-73
1.382564e-68
1.341247e-64
9.077914e-61
4.286644e-57
1.412221e-53
3.245951e-50
5.205174e-47
5.823479e-44
4.545522e-41
2.475364e-38
9.404771e-36
2.492938e-33
4.610294e-31
5.948395e-29
5.354575e-27
3.362824e-25
1.473456e-23
4.504270e-22
9.606507e-21
1.429423e-19
1.483917e-18
1.074763e-17
5.430875e-17
1.914612e-16
4.709187e-16
8.080997e-16
9.674710e-16
8.080997e-16
4.709187e-16
1.914612e-16
5.430875e-17
1.074763e-17
1.483917e-18
1.429423e-19
9.606507e-21
4.504270e-22
1.473456e-23
3.362824e-25
5.354575e-27
5.948395e-29
4.610294e-31
2.492938e-33
9.404771e-36
2.475364e-38
4.545522e-41
5.823479e-44
5.205174e-47
3.245951e-50
1.412221e-53
4.286644e-57
9.077914e-61
1.341247e-64
1.382564e-68
9.942968e-73
4.988852e-77
1.746382e-81
1.863985e-83
7.632200e-79
2.180274e-74
4.345367e-70
6.042210e-66
5.861641e-62
3.967313e-58
1.873388e-54
6.171818e-51
1.418575e-47
2.274813e-44
2.545030e-41
1.986526e-38
1.081806e-35
4.110159e-33
1.089487e-30
2.014833e-28
2.599622e-26
2.340105e-24
1.469652e-22
6.439434e-21
1.968497e-19
4.198324e-18
6.246994e-17
6.485152e-16
4.697029e-15
2.373451e-14
8.367416e-14
2.058052e-13
3.531632e-13
4.228131e-13
3.531632e-13
2.058052e-13
8.367416e-14
2.373451e-14
4.697029e-15
6.485152e-16
6.246994e-17
4.198324e-18
1.968497e-19
6.439434e-21
1.469652e-22
2.340105e-24
2.599622e-26
2.014833e-28
1.089487e-30
4.110159e-33
1.081806e-35
1.986526e-38
2.545030e-41
2.274813e-44
1.418575e-47
6.171818e-51
1.873388e-54
3.967313e-58
5.861641e-62
6.042210e-66
4.345367e-70
2.180274e-74
7.632200e-79
4.295407e-81
1.758781e-76
5.024271e-72
1.001356e-67
1.392380e-63
1.350769e-59
9.142364e-56
4.317077e-52
1.422247e-48
3.268996e-45
5.242129e-42
5.864823e-39
4.577793e-36
2.492938e-33
9.471541e-31
2.510637e-28
4.643025e-26
5.990626e-24
5.392590e-22
3.386699e-20
1.483917e-18
4.536248e-17
9.674710e-16
1.439571e-14
1.494453e-13
1.082394e-12
5.469433e-12
1.928206e-11
4.742620e-11
8.138369e-11
9.743397e-11
8.138369e-11
4.742620e-11
1.928206e-11
5.469433e-12
1.082394e-12
1.494453e-13
1.439571e-14
9.674710e-16
4.536248e-17
1.483917e-18
3.386699e-20
5.392590e-22
5.990626e-24
4.643025e-26
2.510637e-28
9.471541e-31
2.492938e-33
4.577793e-36
5.864823e-39
5.242129e-42
3.268996e-45
1.422247e-48
4.317077e-52
9.142364e-56
1.350769e-59
1.392380e-63
1.001356e-67
5.024271e-72
1.758781e-76
5.219367e-79
2.137102e-74
6.105013e-70
1.216752e-65
1.691887e-61
1.641325e-57
1.110892e-53
5.245699e-50
1.728179e-46
3.972171e-43
6.369733e-40
7.126372e-37
5.562496e-34
3.029179e-31
1.150891e-28
3.050685e-26
5.641760e-24
7.279235e-22
6.552559e-20
4.115192e-18
1.803114e-16
5.512014e-15
1.175578e-13
1.749229e-12
1.815916e-11
1.315221e-10
6.645930e-10
2.342971e-09
5.762778e-09
9.888966e-09
1.183924e-08
9.888966e-09
5.762778e-09
2.342971e-09
6.645930e-10
1.315221e-10
1.815916e-11
1.749229e-12
1.175578e-13
5.512014e-15
1.803114e-16
4.115192e-18
6.552559e-20
7.279235e-22
5.641760e-24
3.050685e-26
1.150891e-28
3.029179e-31
5.562496e-34
7.126372e-37
6.369733e-40
3.972171e-43
1.728179e-46
5.245699e-50
1.110892e-53
1.641325e-57
1.691887e-61
1.216752e-65
6.105013e-70
2.137102e-74
3.344128e-77
1.369274e-72
3.911575e-68
7.795914e-64
1.084018e-59
1.051622e-55
7.117657e-52
3.360999e-48
1.107270e-44
2.545030e-41
4.081185e-38
4.565975e-35
3.563976e-32
1.940841e-29
7.373933e-27
1.954620e-24
3.614761e-22
4.663917e-20
4.198324e-18
2.636666e-16
1.155283e-14
3.531632e-13
7.532107e-12
1.120757e-10
1.163485e-09
8.426821e-09
4.258149e-08
1.501177e-07
3.692299e-07
6.336011e-07
7.585583e-07
6.336011e-07
3.692299e-07
1.501177e-07
4.258149e-08
8.426821e-09
1.163485e-09
1.120757e-10
7.532107e-12
3.531632e-13
1.155283e-14
2.636666e-16
4.198324e-18
4.663917e-20
3.614761e-22
1.954620e-24
7.373933e-27
1.940841e-29
3.563976e-32
4.565975e-35
4.081185e-38
2.545030e-41
1.107270e-44
3.360999e-48
7.117657e-52
1.051622e-55
1.084018e-59
7.795914e-64
3.911575e-68
1.369274e-72
1.129794e-75
4.626013e-71
1.321503e-66
2.633805e-62
3.662292e-58
3.552845e-54
2.404660e-50
1.135494e-46
3.740850e-43
8.598240e-40
1.378805e-36
1.542588e-33
1.204069e-30
6.557021e-28
2.491241e-25
6.603573e-23
1.221226e-20
1.575678e-18
1.418380e-16
8.907825e-15
3.903057e-13
1.193142e-11
2.544679e-10
3.786415e-09
3.930767e-08
2.846953e-07
1.438591e-06
5.071640e-06
1.247422e-05
2.140585e-05
2.562746e-05
2.140585e-05
1.247422e-05
5.071640e-06
1.438591e-06
2.846953e-07
3.930767e-08
3.786415e-09
2.544679e-10
1.193142e-11
3.903057e-13
8.907825e-15
1.418380e-16
1.575678e-18
1.221226e-20
6.603573e-23
2.491241e-25
6.557021e-28
1.204069e-30
1.542588e-33
1.378805e-36
8.598240e-40
3.740850e-43
1.135494e-46
2.404660e-50
3.552845e-54
3.662292e-58
2.633805e-62
1.321503e-66
4.626013e-71
2.012647e-74
8.240906e-70
2.354162e-65
4.691932e-61
6.524107e-57
6.329136e-53
4.283727e-49
2.022801e-45
6.664052e-42
1.531714e-38
2.456241e-35
2.748009e-32
2.144961e-29
1.168086e-26
4.437965e-24
1.176379e-21
2.175526e-19
2.806955e-17
2.526741e-15
1.586864e-13
6.953011e-12
2.125495e-10
4.533161e-09
6.745223e-08
7.002375e-07
5.071640e-06
2.562746e-05
9.034759e-05
2.222192e-04
3.813297e-04
4.565345e-04
3.813297e-04
2.222192e-04
9.034759e-05
2.562746e-05
5.071640e-06
7.002375e-07
6.745223e-08
4.533161e-09
2.125495e-10
6.953011e-12
1.586864e-13
2.526741e-15
2.806955e-17
2.175526e-19
1.176379e-21
4.437965e-24
1.168086e-26
2.144961e-29
2.748009e-32
2.456241e-35
1.531714e-38
6.664052e-42
2.022801e-45
4.283727e-49
6.329136e-53
6.524107e-57
4.691932e-61
2.354162e-65
8.240906e-70
1.890546e-73
7.740956e-69
2.211342e-64
4.407287e-60
6.128310e-56
5.945167e-52
4.023846e-48
1.900084e-44
6.259765e-41
1.438790e-37
2.307228e-34
2.581296e-31
2.014833e-28
1.097222e-25
4.168728e-23
1.105011e-20
2.043544e-18
2.636666e-16
2.373451e-14
1.490594e-12
6.531194e-11
1.996548e-09
4.258149e-08
6.336011e-07
6.577563e-06
4.763960e-05
2.407272e-04
8.486648e-04
2.087379e-03
3.581956e-03
4.288380e-03
3.581956e-03
2.087379e-03
8.486648e-04
2.407272e-04
4.763960e-05
6.577563e-06
6.336011e-07
4.258149e-08
1.996548e-09
6.531194e-11
1.490594e-12
2.373451e-14
2.636666e-16
2.043544e-18
1.105011e-20
4.168728e-23
1.097222e-25
2.014833e-28
2.581296e-31
2.307228e-34
1.438790e-37
6.259765e-41
1.900084e-44
4.023846e-48
5.945167e-52
6.128310e-56
4.407287e-60
2.211342e-64
7.740956e-69
9.363934e-73
3.834121e-68
1.095285e-63
2.182944e-59
3.035372e-55
2.944660e-51
1.993024e-47
9.411175e-44
3.100482e-40
7.126372e-37
1.142778e-33
1.278524e-30
9.979534e-28
5.434574e-25
2.064784e-22
5.473157e-20
1.012174e-17
1.305949e-15
1.175578e-13
7.382962e-12
3.234922e-10
9.888966e-09
2.109075e-07
3.138247e-06
3.257888e-05
2.359605e-04
1.192330e-03
4.203464e-03
1.033885e-02
1.774154e-02
2.124049e-02
1.774154e-02
1.033885e-02
4.203464e-03
1.192330e-03
2.359605e-04
3.257888e-05
3.138247e-06
2.109075e-07
9.888966e-09
3.234922e-10
7.382962e-12
1.175578e-13
1.305949e-15
1.012174e-17
5.473157e-20
2.064784e-22
5.434574e-25
9.979534e-28
1.278524e-30
1.142778e-33
7.126372e-37
3.100482e-40
9.411175e-44
1.993024e-47
2.944660e-51
3.035372e-55
2.182944e-59
1.095285e-63
3.834121e-68
2.445575e-72
1.001356e-67
2.860552e-63
5.701186e-59
7.927469e-55
7.690559e-51
5.205174e-47
2.457913e-43
8.097517e-40
1.861192e-36
2.984588e-33
3.339117e-30
2.606351e-27
1.419346e-24
5.392590e-22
1.429423e-19
2.643491e-17
3.410743e-15
3.070253e-13
1.928206e-11
8.448633e-10
2.582698e-08
5.508263e-07
8.196148e-06
8.508615e-05
6.162571e-04
3.114003e-03
1.097817e-02
2.700195e-02
4.633553e-02
5.547370e-02
4.633553e-02
2.700195e-02
1.097817e-02
3.114003e-03
6.162571e-04
8.508615e-05
8.196148e-06
5.508263e-07
2.582698e-08
8.448633e-10
1.928206e-11
3.070253e-13
3.410743e-15
2.643491e-17
1.429423e-19
5.392590e-22
1.419346e-24
2.606351e-27
3.339117e-30
2.984588e-33
1.861192e-36
8.097517e-40
2.457913e-43
5.205174e-47
7.690559e-51
7.927469e-55
5.701186e-59
2.860552e-63
1.001356e-67
3.367870e-72
1.378995e-67
3.939346e-63
7.851262e-59
1.091714e-54
1.059088e-50
7.168190e-47
3.384861e-43
1.115132e-39
2.563099e-36
4.110159e-33
4.598391e-30
3.589279e-27
1.954620e-24
7.426286e-22
1.968497e-19
3.640425e-17
4.697029e-15
4.228131e-13
2.655385e-11
1.163485e-09
3.556705e-08
7.585583e-07
1.128714e-05
1.171745e-04
8.486648e-04
4.288380e-03
1.511835e-02
3.718513e-02
6.380994e-02
7.639437e-02
6.380994e-02
3.718513e-02
1.511835e-02
4.288380e-03
8.486648e-04
1.171745e-04
1.128714e-05
7.585583e-07
3.556705e-08
1.163485e-09
2.655385e-11
4.228131e-13
4.697029e-15
3.640425e-17
1.968497e-19
7.426286e-22
1.954620e-24
3.589279e-27
4.598391e-30
4.110159e-33
2.563099e-36
1.115132e-39
3.384861e-43
7.168190e-47
1.059088e-50
1.091714e-54
7.851262e-59
3.939346e-63
1.378995e-67
2.445575e-72
1.001356e-67
2.860552e-63
5.701186e-59
7.927469e-55
7.690559e-51
5.205174e-47
2.457913e-43
8.097517e-40
1.861192e-36
2.984588e-33
3.339117e-30
2.606351e-27
1.419346e-24
5.392590e-22
1.429423e-19
2.643491e-17
3.410743e-15
3.070253e-13
1.928206e-11
8.448633e-10
2.582698e-08
5.508263e-07
8.196148e-06
8.508615e-05
6.162571e-04
3.114003e-03
1.097817e-02
2.700195e-02
4.633553e-02
5.547370e-02
4.633553e-02
2.700195e-02
1.097817e-02
3.114003e-03
6.162571e-04
8.508615e-05
8.196148e-06
5.508263e-07
2.582698e-08
8.448633e-10
1.928206e-11
3.070253e-13
3.410743e-15
2.643491e-17
1.429423e-19
5.392590e-22
1.419346e-24
2.606351e-27
3.339117e-30
2.984588e-33
1.861192e-36
8.097517e-40
2.457913e-43
5.205174e-47
7.690559e-51
7.927469e-55
5.701186e-59
2.860552e-63
1.001356e-67
9.363934e-73
3.834121e-68
1.095285e-63
2.182944e-59
3.035372e-55
2.944660e-51
1.993024e-47
9.411175e-44
3.100482e-40
7.126372e-37
1.142778e-33
1.278524e-30
9.979534e-28
5.434574e-25
2.064784e-22
5.473157e-20
1.012174e-17
1.305949e-15
1.175578e-13
7.382962e-12
3.234922e-10
9.888966e-09
2.109075e-07
3.138247e-06
3.257888e-05
2.359605e-04
1.192330e-03
4.203464e-03
1.033885e-02
1.774154e-02
2.124049e-02
1.774154e-02
1.033885e-02
4.203464e-03
1.192330e-03
2.359605e-04
3.257888e-05
3.138247e-06
2.109075e-07
9.888966e-09
3.234922e-10
7.382962e-12
1.175578e-13
1.305949e-15
1.012174e-17
5.473157e-20
2.064784e-22
5.434574e-25
9.979534e-28
1.278524e-30
1.142778e-33
7.126372e-37
3.100482e-40
9.411175e-44
1.993024e-47
2.944660e-51
3.035372e-55
2.182944e-59
1.095285e-63
3.834121e-68
1.890546e-73
7.740956e-69
2.211342e-64
4.407287e-60
6.128310e-56
5.945167e-52
4.023846e-48
1.900084e-44
6.259765e-41
1.438790e-37
2.307228e-34
2.581296e-31
2.014833e-28
1.097222e-25
4.168728e-23
1.105011e-20
2.043544e-18
2.636666e-16
2.373451e-14
1.490594e-12
6.531194e-11
1.996548e-09
4.258149e-08
6.336011e-07
6.577563e-06
4.763960e-05
2.407272e-04
8.486648e-04
2.087379e-03
3.581956e-03
4.288380e-03
3.581956e-03
2.087379e-03
8.486648e-04
2.407272e-04
4.763960e-05
6.577563e-06
6.336011e-07
4.258149e-08
1.996548e-09
6.531194e-11
1.490594e-12
2.373451e-14
2.636666e-16
2.043544e-18
1.105011e-20
4.168728e-23
1.097222e-25
2.014833e-28
2.581296e-31
2.307228e-34
1.438790e-37
6.259765e-41
1.900084e-44
4.023846e-48
5.945167e-52
6.128310e-56
4.407287e-60
2.211342e-64
7.740956e-69
2.012647e-74
8.240906e-70
2.354162e-65
4.691932e-61
6.524107e-57
6.329136e-53
4.283727e-49
2.022801e-45
6.664052e-42
1.531714e-38
2.456241e-35
2.748009e-32
2.144961e-29
1.168086e-26
4.437965e-24
1.176379e-21
2.175526e-19
2.806955e-17
2.526741e-15
1.586864e-13
6.953011e-12
2.125495e-10
4.533161e-09
6.745223e-08
7.002375e-07
5.071640e-06
2.562746e-05
9.034759e-05
2.222192e-04
3.813297e-04
4.565345e-04
3.813297e-04
2.222192e-04
9.034759e-05
2.562746e-05
5.071640e-06
7.002375e-07
6.745223e-08
4.533161e-09
2.125495e-10
6.953011e-12
1.586864e-13
2.526741e-15
2.806955e-17
2.175526e-19
1.176379e-21
4.437965e-24
1.168086e-26
2.144961e-29
2.748009e-32
2.456241e-35
1.531714e-38
6.664052e-42
2.022801e-45
4.283727e-49
6.329136e-53
6.524107e-57
4.691932e-61
2.354162e-65
8.240906e-70
1.129794e-75
4.626013e-71
1.321503e-66
2.633805e-62
3.662292e-58
3.552845e-54
2.404660e-50
1.135494e-46
3.740850e-43
8.598240e-40
1.378805e-36
1.542588e-33
1.204069e-30
6.557021e-28
2.491241e-25
6.603573e-23
1.221226e-20
1.575678e-18
1.418380e-16
8.907825e-15
3.903057e-13
1.193142e-11
2.544679e-10
3.786415e-09
3.930767e-08
2.846953e-07
1.438591e-06
5.071640e-06
1.247422e-05
2.140585e-05
2.562746e-05
2.140585e-05
1.247422e-05
5.071640e-06
1.438591e-06
2.846953e-07
3.930767e-08
3.786415e-09
2.544679e-10
1.193142e-11
3.903057e-13
8.907825e-15
1.418380e-16
1.575678e-18
1.221226e-20
6.603573e-23
2.491241e-25
6.557021e-28
1.204069e-30
1.542588e-33
1.378805e-36
8.598240e-40
3.740850e-43
1.135494e-46
2.404660e-50
3.552845e-54
3.662292e-58
2.633805e-62
1.321503e-66
4.626013e-71
3.344128e-77
1.369274e-72
3.911575e-68
7.795914e-64
1.084018e-59
1.051622e-55
7.117657e-52
3.360999e-48
1.107270e-44
2.545030e-41
4.081185e-38
4.565975e-35
3.563976e-32
1.940841e-29
7.373933e-27
1.954620e-24
3.614761e-22
4.663917e-20
4.198324e-18
2.636666e-16
1.155283e-14
3.531632e-13
7.532107e-12
1.120757e-10
1.163485e-09
8.426821e-09
4.258149e-08
1.501177e-07
3.692299e-07
6.336011e-07
7.585583e-07
6.336011e-07
3.692299e-07
1.501177e-07
4.258149e-08
8.426821e-09
1.163485e-09
1.120757e-10
7.532107e-12
3.531632e-13
1.155283e-14
2.636666e-16
4.198324e-18
4.663917e-20
3.614761e-22
1.954620e-24
7.373933e-27
1.940841e-29
3.563976e-32
4.565975e-35
4.081185e-38
2.545030e-41
1.107270e-44
3.360999e-48
7.117657e-52
1.051622e-55
1.084018e-59
7.795914e-64
3.911575e-68
1.369274e-72
5.219367e-79
2.137102e-74
6.105013e-70
1.216752e-65
1.691887e-61
1.641325e-57
1.110892e-53
5.245699e-50
1.728179e-46
3.972171e-43
6.369733e-40
7.126372e-37
5.562496e-34
3.029179e-31
1.150891e-28
3.050685e-26
5.641760e-24
7.279235e-22
6.552559e-20
4.115192e-18
1.803114e-16
5.512014e-15
1.175578e-13
1.749229e-12
1.815916e-11
1.315221e-10
6.645930e-10
2.342971e-09
5.762778e-09
9.888966e-09
1.183924e-08
9.888966e-09
5.762778e-09
2.342971e-09
6.645930e-10
1.315221e-10
1.815916e-11
1.749229e-12
1.175578e-13
5.512014e-15
1.803114e-16
4.115192e-18
6.552559e-20
7.279235e-22
5.641760e-24
3.050685e-26
1.150891e-28
3.029179e-31
5.562496e-34
7.126372e-37
6.369733e-40
3.972171e-43
1.728179e-46
5.245699e-50
1.110892e-53
1.641325e-57
1.691887e-61
1.216752e-65
6.105013e-70
2.137102e-74
4.295407e-81
1.758781e-76
5.024271e-72
1.001356e-67
1.392380e-63
1.350769e-59
9.142364e-56
4.317077e-52
1.422247e-48
3.268996e-45
5.242129e-42
5.864823e-39
4.577793e-36
2.492938e-33
9.471541e-31
2.510637e-28
4.643025e-26
5.990626e-24
5.392590e-22
3.386699e-20
1.483917e-18
4.536248e-17
9.674710e-16
1.439571e-14
1.494453e-13
1.082394e-12
5.469433e-12
1.928206e-11
4.742620e-11
8.138369e-11
9.743397e-11
8.138369e-11
4.742620e-11
1.928206e-11
5.469433e-12
1.082394e-12
1.494453e-13
1.439571e-14
9.674710e-16
4.536248e-17
1.483917e-18
3.386699e-20
5.392590e-22
5.990626e-24
4.643025e-26
2.510637e-28
9.471541e-31
2.492938e-33
4.577793e-36
5.864823e-39
5.242129e-42
3.268996e-45
1.422247e-48
4.317077e-52
9.142364e-56
1.350769e-59
1.392380e-63
1.001356e-67
5.024271e-72
1.758781e-76
1.863985e-83
7.632200e-79
2.180274e-74
4.345367e-70
6.042210e-66
5.861641e-62
3.967313e-58
1.873388e-54
6.171818e-51
1.418575e-47
2.274813e-44
2.545030e-41
1.986526e-38
1.081806e-35
4.110159e-33
1.089487e-30
2.014833e-28
2.599622e-26
2.340105e-24
1.469652e-22
6.439434e-21
1.968497e-19
4.198324e-18
6.246994e-17
6.485152e-16
4.697029e-15
2.373451e-14
8.367416e-14
2.058052e-13
3.531632e-13
4.228131e-13
3.531632e-13
2.058052e-13
8.367416e-14
2.373451e-14
4.697029e-15
6.485152e-16
6.246994e-17
4.198324e-18
1.968497e-19
6.439434e-21
1.469652e-22
2.340105e-24
2.599622e-26
2.014833e-28
1.089487e-30
4.110159e-33
1.081806e-35
1.986526e-38
2.545030e-41
2.274813e-44
1.418575e-47
6.171818e-51
1.873388e-54
3.967313e-58
5.861641e-62
6.042210e-66
4.345367e-70
2.180274e-74
7.632200e-79
4.265126e-86
1.746382e-81
4.988852e-77
9.942968e-73
1.382564e-68
1.341247e-64
9.077914e-61
4.286644e-57
1.412221e-53
3.245951e-50
5.205174e-47
5.823479e-44
4.545522e-41
2.475364e-38
9.404771e-36
2.492938e-33
4.610294e-31
5.948395e-29
5.354575e-27
3.362824e-25
1.473456e-23
4.504270e-22
9.606507e-21
1.429423e-19
1.483917e-18
1.074763e-17
5.430875e-17
1.914612e-16
4.709187e-16
8.080997e-16
9.674710e-16
8.080997e-16
4.709187e-16
1.914612e-16
5.430875e-17
1.074763e-17
1.483917e-18
1.429423e-19
9.606507e-21
4.504270e-22
1.473456e-23
3.362824e-25
5.354575e-27
5.948395e-29
4.610294e-31
2.492938e-33
9.404771e-36
2.475364e-38
4.545522e-41
5.823479e-44
5.205174e-47
3.245951e-50
1.412221e-53
4.286644e-57
9.077914e-61
1.341247e-64
1.382564e-68
9.942968e-73
4.988852e-77
1.746382e-81
5.146038e-89
2.107077e-84
6.019241e-80
1.199657e-75
1.668117e-71
1.618266e-67
1.095285e-63
5.171999e-60
1.703899e-56
3.916364e-53
6.280241e-50
7.026250e-47
5.484346e-44
2.986621e-41
1.134722e-38
3.007825e-36
5.562496e-34
7.176966e-32
6.460499e-30
4.057376e-28
1.777781e-26
5.434574e-25
1.159062e-23
1.724653e-22
1.790403e-21
1.296743e-20
6.552559e-20
2.310053e-19
5.681814e-19
9.750032e-19
1.167291e-18
9.750032e-19
5.681814e-19
2.310053e-19
6.552559e-20
1.296743e-20
1.790403e-21
1.724653e-22
1.159062e-23
5.434574e-25
1.777781e-26
4.057376e-28
6.460499e-30
7.176966e-32
5.562496e-34
3.007825e-36
1.134722e-38
2.986621e-41
5.484346e-44
7.026250e-47
6.280241e-50
3.916364e-53
1.703899e-56
5.171999e-60
1.095285e-63
1.618266e-67
1.668117e-71
1.199657e-75
6.019241e-80
2.107077e-84
3.273901e-92
1.340519e-87
3.829432e-83
7.632200e-79
1.061253e-74
1.029538e-70
6.968186e-67
3.290418e-63
1.084018e-59
2.491585e-56
3.995480e-53
4.470089e-50
3.489132e-47
1.900084e-44
7.219081e-42
1.913573e-39
3.538851e-37
4.565975e-35
4.110159e-33
2.581296e-31
1.131022e-29
3.457467e-28
7.373933e-27
1.097222e-25
1.139052e-24
8.249858e-24
4.168728e-23
1.469652e-22
3.614761e-22
6.202955e-22
7.426286e-22
6.202955e-22
3.614761e-22
1.469652e-22
4.168728e-23
8.249858e-24
1.139052e-24
1.097222e-25
7.373933e-27
3.457467e-28
1.131022e-29
2.581296e-31
4.110159e-33
4.565975e-35
3.538851e-37
1.913573e-39
7.219081e-42
1.900084e-44
3.489132e-47
4.470089e-50
3.995480e-53
2.491585e-56
1.084018e-59
3.290418e-63
6.968186e-67
1.029538e-70
1.061253e-74
7.632200e-79
3.829432e-83
1.340519e-87
1.098272e-95
4.496940e-91
1.284631e-86
2.560318e-82
3.560108e-78
3.453716e-74
2.337566e-70
1.103812e-66
3.636474e-63
8.358336e-60
1.340334e-56
1.499548e-53
1.170474e-50
6.374070e-48
2.421732e-45
6.419324e-43
1.187152e-40
1.531714e-38
1.378805e-36
8.659284e-35
3.794155e-33
1.159851e-31
2.473679e-30
3.680768e-29
3.821092e-28
2.767519e-27
1.398452e-26
4.930134e-26
1.212617e-25
2.080860e-25
2.491241e-25
2.080860e-25
1.212617e-25
4.930134e-26
1.398452e-26
2.767519e-27
3.821092e-28
3.680768e-29
2.473679e-30
1.159851e-31
3.794155e-33
8.659284e-35
1.378805e-36
1.531714e-38
1.187152e-40
6.419324e-43
2.421732e-45
6.374070e-48
1.170474e-50
1.499548e-53
1.340334e-56
8.358336e-60
3.636474e-63
1.103812e-66
2.337566e-70
3.453716e-74
3.560108e-78
2.560318e-82
1.284631e-86
4.496940e-91
1.942698e-99
7.954498e-95
2.272345e-90
4.528867e-86
6.297366e-82
6.109171e-78
4.134848e-74
1.952499e-70
6.432447e-67
1.478480e-63
2.370876e-60
2.652504e-57
2.070414e-54
1.127490e-51
4.283727e-49
1.135494e-46
2.099917e-44
2.709401e-42
2.438925e-40
1.531714e-38
6.711364e-37
2.051625e-35
4.375614e-34
6.510797e-33
6.759012e-32
4.895379e-31
2.473679e-30
8.720761e-30
2.144961e-29
3.680768e-29
4.406679e-29
3.680768e-29
2.144961e-29
8.720761e-30
2.473679e-30
4.895379e-31
6.759012e-32
6.510797e-33
4.375614e-34
2.051625e-35
6.711364e-37
1.531714e-38
2.438925e-40
2.709401e-42
2.099917e-44
1.135494e-46
4.283727e-49
1.127490e-51
2.070414e-54
2.652504e-57
2.370876e-60
1.478480e-63
6.432447e-67
1.952499e-70
4.134848e-74
6.109171e-78
6.297366e-82
4.528867e-86
2.272345e-90
7.954498e-95
1.811977e-103
7.419250e-99
2.119441e-94
4.224125e-90
5.873624e-86
5.698092e-82
3.856619e-78
1.821118e-74
5.999615e-71
1.378995e-67
2.211342e-64
2.474020e-61
1.931099e-58
1.051622e-55
3.995480e-53
1.059088e-50
1.958616e-48
2.527089e-46
2.274813e-44
1.428647e-42
6.259765e-41
1.913573e-39
4.081185e-38
6.072693e-37
6.304206e-36
4.565975e-35
2.307228e-34
8.133952e-34
2.000629e-33
3.433094e-33
4.110159e-33
3.433094e-33
2.000629e-33
8.133952e-34
2.307228e-34
4.565975e-35
6.304206e-36
6.072693e-37
4.081185e-38
1.913573e-39
6.259765e-41
1.428647e-42
2.274813e-44
2.527089e-46
1.958616e-48
1.059088e-50
3.995480e-53
1.051622e-55
1.931099e-58
2.474020e-61
2.211342e-64
1.378995e-67
5.999615e-71
1.821118e-74
3.856619e-78
5.698092e-82
5.873624e-86
4.224125e-90
2.119441e-94
7.419250e-99
8.911511e-108
3.648873e-103
1.042366e-98
2.077474e-94
2.888716e-90
2.802388e-86
1.896730e-82
8.956469e-79
2.950680e-75
6.782057e-72
1.087564e-68
1.216752e-65
9.497367e-63
5.171999e-60
1.965023e-57
5.208719e-55
9.632701e-53
1.242852e-50
1.118779e-48
7.026250e-47
3.078625e-45
9.411175e-44
2.007174e-42
2.986621e-41
3.100482e-40
2.245599e-39
1.134722e-38
4.000372e-38
9.839327e-38
1.688435e-37
2.021424e-37
1.688435e-37
9.839327e-38
4.000372e-38
1.134722e-38
2.245599e-39
3.100482e-40
2.986621e-41
2.007174e-42
9.411175e-44
3.078625e-45
7.026250e-47
1.118779e-48
1.242852e-50
9.632701e-53
5.208719e-55
1.965023e-57
5.171999e-60
9.497367e-63
1.216752e-65
1.087564e-68
6.782057e-72
2.950680e-75
8.956469e-79
1.896730e-82
2.802388e-86
2.888716e-90
2.077474e-94
1.042366e-98
3.648873e-103
2.311009e-112
9.462568e-108
2.703152e-103
5.387481e-99
7.491264e-95
7.267390e-91
4.918762e-87
2.322668e-83
7.651955e-80
1.758781e-76
2.820363e-73
3.155384e-70
2.462938e-67
1.341247e-64
5.095865e-62
1.350769e-59
2.498034e-57
3.223069e-55
2.901314e-53
1.822107e-51
7.983751e-50
2.440586e-48
5.205174e-47
7.745159e-46
8.040433e-45
5.823479e-44
2.942657e-43
1.037410e-42
2.551618e-42
4.378594e-42
5.242129e-42
4.378594e-42
2.551618e-42
1.037410e-42
2.942657e-43
5.823479e-44
8.040433e-45
7.745159e-46
5.205174e-47
2.440586e-48
7.983751e-50
1.822107e-51
2.901314e-53
3.223069e-55
2.498034e-57
1.350769e-59
5.095865e-62
1.341247e-64
2.462938e-67
3.155384e-70
2.820363e-73
1.758781e-76
7.651955e-80
2.322668e-83
4.918762e-87
7.267390e-91
7.491264e-95
5.387481e-99
2.703152e-103
9.462568e-108
3.160119e-117
1.293930e-112
3.696342e-108
7.366947e-104
1.024370e-99
9.937572e-96
6.726011e-92
3.176062e-88
1.046343e-84
2.404991e-81
3.856619e-78
4.314734e-75
3.367870e-72
1.834047e-69
6.968186e-67
1.847068e-64
3.415861e-62
4.407287e-60
3.967313e-58
2.491585e-56
1.091714e-54
3.337305e-53
7.117657e-52
1.059088e-50
1.099465e-49
7.963139e-49
4.023846e-48
1.418575e-47
3.489132e-47
5.987375e-47
7.168190e-47
5.987375e-47
3.489132e-47
1.418575e-47
4.023846e-48
7.963139e-49
1.099465e-49
1.059088e-50
7.117657e-52
3.337305e-53
1.091714e-54
2.491585e-56
3.967313e-58
4.407287e-60
3.415861e-62
1.847068e-64
6.968186e-67
1.834047e-69
3.367870e-72
4.314734e-75
3.856619e-78
2.404991e-81
1.046343e-84
3.176062e-88
6.726011e-92
9.937572e-96
1.024370e-99
7.366947e-104
3.696342e-108
1.293930e-112
2.278540e-122
9.329624e-118
2.665174e-113
5.311790e-109
7.386016e-105
7.165287e-101
4.849656e-97
2.290036e-93
7.544450e-90
1.734071e-86
2.780738e-83
3.111053e-80
2.428335e-77
1.322403e-74
5.024271e-72
1.331792e-69
2.462938e-67
3.177786e-65
2.860552e-63
1.796507e-61
7.871584e-60
2.406297e-58
5.132044e-57
7.636344e-56
7.927469e-55
5.741662e-54
2.901314e-53
1.022835e-52
2.515769e-52
4.317077e-52
5.168480e-52
4.317077e-52
2.515769e-52
1.022835e-52
2.901314e-53
5.741662e-54
7.927469e-55
7.636344e-56
5.132044e-57
2.406297e-58
7.871584e-60
1.796507e-61
2.860552e-63
3.177786e-65
2.462938e-67
1.331792e-69
5.024271e-72
1.322403e-74
2.428335e-77
3.111053e-80
2.780738e-83
1.734071e-86
7.544450e-90
2.290036e-93
4.849656e-97
7.165287e-101
7.386016e-105
5.311790e-109
2.665174e-113
9.329624e-118
