-25  (0.00193045,0)
-24.95  (0.00197927,0)
-24.9  (0.00202923,0)
-24.85  (0.00208034,0)
-24.8  (0.00213263,0)
-24.75  (0.00218612,0)
-24.7  (0.00224085,0)
-24.65  (0.00229683,0)
-24.6  (0.00235409,0)
-24.55  (0.00241266,0)
-24.5  (0.00247256,0)
-24.45  (0.00253383,0)
-24.4  (0.00259648,0)
-24.35  (0.00266054,0)
-24.3  (0.00272605,0)
-24.25  (0.00279304,0)
-24.2  (0.00286153,0)
-24.15  (0.00293155,0)
-24.1  (0.00300313,0)
-24.05  (0.00307631,0)
-24  (0.00315111,0)
-23.95  (0.00322757,0)
-23.9  (0.00330572,0)
-23.85  (0.0033856,0)
-23.8  (0.00346723,0)
-23.75  (0.00355065,0)
-23.7  (0.00363589,0)
-23.65  (0.003723,0)
-23.6  (0.003812,0)
-23.55  (0.00390294,0)
-23.5  (0.00399585,0)
-23.45  (0.00409076,0)
-23.4  (0.00418772,0)
-23.35  (0.00428676,0)
-23.3  (0.00438792,0)
-23.25  (0.00449125,0)
-23.2  (0.00459678,0)
-23.15  (0.00470455,0)
-23.1  (0.00481461,0)
-23.05  (0.004927,0)
-23  (0.00504176,0)
-22.95  (0.00515894,0)
-22.9  (0.00527857,0)
-22.85  (0.00540071,0)
-22.8  (0.0055254,0)
-22.75  (0.00565268,0)
-22.7  (0.00578261,0)
-22.65  (0.00591523,0)
-22.6  (0.00605059,0)
-22.55  (0.00618873,0)
-22.5  (0.00632972,0)
-22.45  (0.00647359,0)
-22.4  (0.0066204,0)
-22.35  (0.0067702,0)
-22.3  (0.00692304,0)
-22.25  (0.00707898,0)
-22.2  (0.00723807,0)
-22.15  (0.00740037,0)
-22.1  (0.00756593,0)
-22.05  (0.00773481,0)
-22  (0.00790705,0)
-21.95  (0.00808273,0)
-21.9  (0.00826191,0)
-21.85  (0.00844463,0)
-21.8  (0.00863096,0)
-21.75  (0.00882096,0)
-21.7  (0.00901469,0)
-21.65  (0.00921221,0)
-21.6  (0.0094136,0)
-21.55  (0.0096189,0)
-21.5  (0.00982819,0)
-21.45  (0.0100415,0)
-21.4  (0.010259,0)
-21.35  (0.0104806,0)
-21.3  (0.0107065,0)
-21.25  (0.0109368,0)
-21.2  (0.0111714,0)
-21.15  (0.0114105,0)
-21.1  (0.0116541,0)
-21.05  (0.0119023,0)
-21  (0.0121552,0)
-20.95  (0.0124128,0)
-20.9  (0.0126753,0)
-20.85  (0.0129427,0)
-20.8  (0.013215,0)
-20.75  (0.0134925,0)
-20.7  (0.013775,0)
-20.65  (0.0140628,0)
-20.6  (0.0143558,0)
-20.55  (0.0146542,0)
-20.5  (0.0149581,0)
-20.45  (0.0152676,0)
-20.4  (0.0155826,0)
-20.35  (0.0159034,0)
-20.3  (0.0162299,0)
-20.25  (0.0165623,0)
-20.2  (0.0169007,0)
-20.15  (0.0172451,0)
-20.1  (0.0175957,0)
-20.05  (0.0179525,0)
-20  (0.0183156,0)
-19.95  (0.0186852,0)
-19.9  (0.0190612,0)
-19.85  (0.0194438,0)
-19.8  (0.0198332,0)
-19.75  (0.0202293,0)
-19.7  (0.0206322,0)
-19.65  (0.0210422,0)
-19.6  (0.0214592,0)
-19.55  (0.0218834,0)
-19.5  (0.0223149,0)
-19.45  (0.0227538,0)
-19.4  (0.0232001,0)
-19.35  (0.023654,0)
-19.3  (0.0241155,0)
-19.25  (0.0245848,0)
-19.2  (0.0250621,0)
-19.15  (0.0255473,0)
-19.1  (0.0260406,0)
-19.05  (0.0265421,0)
-19  (0.0270518,0)
-18.95  (0.0275701,0)
-18.9  (0.0280968,0)
-18.85  (0.0286322,0)
-18.8  (0.0291763,0)
-18.75  (0.0297292,0)
-18.7  (0.0302911,0)
-18.65  (0.0308621,0)
-18.6  (0.0314423,0)
-18.55  (0.0320318,0)
-18.5  (0.0326308,0)
-18.45  (0.0332392,0)
-18.4  (0.0338573,0)
-18.35  (0.0344852,0)
-18.3  (0.035123,0)
-18.25  (0.0357707,0)
-18.2  (0.0364286,0)
-18.15  (0.0370968,0)
-18.1  (0.0377753,0)
-18.05  (0.0384643,0)
-18  (0.0391639,0)
-17.95  (0.0398742,0)
-17.9  (0.0405954,0)
-17.85  (0.0413276,0)
-17.8  (0.0420709,0)
-17.75  (0.0428254,0)
-17.7  (0.0435912,0)
-17.65  (0.0443685,0)
-17.6  (0.0451575,0)
-17.55  (0.0459581,0)
-17.5  (0.0467706,0)
-17.45  (0.0475951,0)
-17.4  (0.0484317,0)
-17.35  (0.0492806,0)
-17.3  (0.0501418,0)
-17.25  (0.0510155,0)
-17.2  (0.0519019,0)
-17.15  (0.052801,0)
-17.1  (0.053713,0)
-17.05  (0.054638,0)
-17  (0.0555762,0)
-16.95  (0.0565277,0)
-16.9  (0.0574925,0)
-16.85  (0.058471,0)
-16.8  (0.0594631,0)
-16.75  (0.060469,0)
-16.7  (0.0614888,0)
-16.65  (0.0625227,0)
-16.6  (0.0635709,0)
-16.55  (0.0646333,0)
-16.5  (0.0657103,0)
-16.45  (0.0668018,0)
-16.4  (0.0679081,0)
-16.35  (0.0690292,0)
-16.3  (0.0701654,0)
-16.25  (0.0713167,0)
-16.2  (0.0724832,0)
-16.15  (0.0736652,0)
-16.1  (0.0748627,0)
-16.05  (0.0760758,0)
-16  (0.0773047,0)
-15.95  (0.0785496,0)
-15.9  (0.0798105,0)
-15.85  (0.0810876,0)
-15.8  (0.082381,0)
-15.75  (0.0836909,0)
-15.7  (0.0850173,0)
-15.65  (0.0863605,0)
-15.6  (0.0877205,0)
-15.55  (0.0890974,0)
-15.5  (0.0904914,0)
-15.45  (0.0919027,0)
-15.4  (0.0933313,0)
-15.35  (0.0947773,0)
-15.3  (0.096241,0)
-15.25  (0.0977223,0)
-15.2  (0.0992216,0)
-15.15  (0.100739,0)
-15.1  (0.102274,0)
-15.05  (0.103827,0)
-15  (0.105399,0)
-14.95  (0.106989,0)
-14.9  (0.108598,0)
-14.85  (0.110226,0)
-14.8  (0.111872,0)
-14.75  (0.113537,0)
-14.7  (0.115221,0)
-14.65  (0.116925,0)
-14.6  (0.118647,0)
-14.55  (0.120389,0)
-14.5  (0.122151,0)
-14.45  (0.123932,0)
-14.4  (0.125732,0)
-14.35  (0.127553,0)
-14.3  (0.129393,0)
-14.25  (0.131253,0)
-14.2  (0.133134,0)
-14.15  (0.135034,0)
-14.1  (0.136955,0)
-14.05  (0.138897,0)
-14  (0.140858,0)
-13.95  (0.142841,0)
-13.9  (0.144844,0)
-13.85  (0.146867,0)
-13.8  (0.148912,0)
-13.75  (0.150977,0)
-13.7  (0.153064,0)
-13.65  (0.155171,0)
-13.6  (0.1573,0)
-13.55  (0.15945,0)
-13.5  (0.161621,0)
-13.45  (0.163814,0)
-13.4  (0.166028,0)
-13.35  (0.168263,0)
-13.3  (0.17052,0)
-13.25  (0.172799,0)
-13.2  (0.1751,0)
-13.15  (0.177422,0)
-13.1  (0.179766,0)
-13.05  (0.182132,0)
-13  (0.18452,0)
-12.95  (0.186929,0)
-12.9  (0.189361,0)
-12.85  (0.191815,0)
-12.8  (0.194291,0)
-12.75  (0.196789,0)
-12.7  (0.199309,0)
-12.65  (0.201851,0)
-12.6  (0.204416,0)
-12.55  (0.207002,0)
-12.5  (0.209611,0)
-12.45  (0.212243,0)
-12.4  (0.214896,0)
-12.35  (0.217572,0)
-12.3  (0.22027,0)
-12.25  (0.222991,0)
-12.2  (0.225734,0)
-12.15  (0.228499,0)
-12.1  (0.231286,0)
-12.05  (0.234096,0)
-12  (0.236928,0)
-11.95  (0.239782,0)
-11.9  (0.242659,0)
-11.85  (0.245557,0)
-11.8  (0.248478,0)
-11.75  (0.251421,0)
-11.7  (0.254387,0)
-11.65  (0.257374,0)
-11.6  (0.260383,0)
-11.55  (0.263415,0)
-11.5  (0.266468,0)
-11.45  (0.269544,0)
-11.4  (0.272641,0)
-11.35  (0.27576,0)
-11.3  (0.278901,0)
-11.25  (0.282063,0)
-11.2  (0.285247,0)
-11.15  (0.288452,0)
-11.1  (0.291679,0)
-11.05  (0.294928,0)
-11  (0.298197,0)
-10.95  (0.301488,0)
-10.9  (0.3048,0)
-10.85  (0.308133,0)
-10.8  (0.311486,0)
-10.75  (0.314861,0)
-10.7  (0.318256,0)
-10.65  (0.321671,0)
-10.6  (0.325107,0)
-10.55  (0.328564,0)
-10.5  (0.33204,0)
-10.45  (0.335536,0)
-10.4  (0.339053,0)
-10.35  (0.342589,0)
-10.3  (0.346144,0)
-10.25  (0.349719,0)
-10.2  (0.353313,0)
-10.15  (0.356927,0)
-10.1  (0.360559,0)
-10.05  (0.36421,0)
-10  (0.367879,0)
-9.95  (0.371567,0)
-9.9  (0.375274,0)
-9.85  (0.378998,0)
-9.8  (0.38274,0)
-9.75  (0.386499,0)
-9.7  (0.390276,0)
-9.65  (0.394071,0)
-9.6  (0.397882,0)
-9.55  (0.40171,0)
-9.5  (0.405555,0)
-9.45  (0.409415,0)
-9.4  (0.413292,0)
-9.35  (0.417185,0)
-9.3  (0.421094,0)
-9.25  (0.425017,0)
-9.2  (0.428956,0)
-9.15  (0.43291,0)
-9.1  (0.436879,0)
-9.05  (0.440861,0)
-9  (0.444858,0)
-8.95  (0.448869,0)
-8.9  (0.452893,0)
-8.85  (0.45693,0)
-8.8  (0.46098,0)
-8.75  (0.465043,0)
-8.7  (0.469118,0)
-8.65  (0.473206,0)
-8.6  (0.477305,0)
-8.55  (0.481415,0)
-8.5  (0.485537,0)
-8.45  (0.489669,0)
-8.4  (0.493812,0)
-8.35  (0.497965,0)
-8.3  (0.502128,0)
-8.25  (0.5063,0)
-8.2  (0.510482,0)
-8.15  (0.514672,0)
-8.1  (0.518871,0)
-8.05  (0.523078,0)
-8  (0.527292,0)
-7.95  (0.531514,0)
-7.9  (0.535743,0)
-7.85  (0.539979,0)
-7.8  (0.544221,0)
-7.75  (0.548469,0)
-7.7  (0.552722,0)
-7.65  (0.556981,0)
-7.6  (0.561244,0)
-7.55  (0.565511,0)
-7.5  (0.569783,0)
-7.45  (0.574058,0)
-7.4  (0.578336,0)
-7.35  (0.582617,0)
-7.3  (0.5869,0)
-7.25  (0.591186,0)
-7.2  (0.595473,0)
-7.15  (0.59976,0)
-7.1  (0.604049,0)
-7.05  (0.608338,0)
-7  (0.612626,0)
-6.95  (0.616914,0)
-6.9  (0.621201,0)
-6.85  (0.625487,0)
-6.8  (0.62977,0)
-6.75  (0.634052,0)
-6.7  (0.63833,0)
-6.65  (0.642605,0)
-6.6  (0.646876,0)
-6.55  (0.651144,0)
-6.5  (0.655406,0)
-6.45  (0.659664,0)
-6.4  (0.663916,0)
-6.35  (0.668162,0)
-6.3  (0.672401,0)
-6.25  (0.676634,0)
-6.2  (0.680859,0)
-6.15  (0.685076,0)
-6.1  (0.689285,0)
-6.05  (0.693485,0)
-6  (0.697676,0)
-5.95  (0.701857,0)
-5.9  (0.706028,0)
-5.85  (0.710188,0)
-5.8  (0.714337,0)
-5.75  (0.718475,0)
-5.7  (0.7226,0)
-5.65  (0.726712,0)
-5.6  (0.730811,0)
-5.55  (0.734897,0)
-5.5  (0.738968,0)
-5.45  (0.743025,0)
-5.4  (0.747067,0)
-5.35  (0.751094,0)
-5.3  (0.755104,0)
-5.25  (0.759098,0)
-5.2  (0.763074,0)
-5.15  (0.767033,0)
-5.1  (0.770974,0)
-5.05  (0.774897,0)
-5  (0.778801,0)
-4.95  (0.782685,0)
-4.9  (0.786549,0)
-4.85  (0.790393,0)
-4.8  (0.794216,0)
-4.75  (0.798017,0)
-4.7  (0.801797,0)
-4.65  (0.805554,0)
-4.6  (0.809288,0)
-4.55  (0.812999,0)
-4.5  (0.816686,0)
-4.45  (0.820349,0)
-4.4  (0.823987,0)
-4.35  (0.8276,0)
-4.3  (0.831187,0)
-4.25  (0.834748,0)
-4.2  (0.838283,0)
-4.15  (0.84179,0)
-4.1  (0.845269,0)
-4.05  (0.848721,0)
-4  (0.852144,0)
-3.95  (0.855538,0)
-3.9  (0.858902,0)
-3.85  (0.862237,0)
-3.8  (0.865541,0)
-3.75  (0.868815,0)
-3.7  (0.872057,0)
-3.65  (0.875268,0)
-3.6  (0.878447,0)
-3.55  (0.881593,0)
-3.5  (0.884706,0)
-3.45  (0.887786,0)
-3.4  (0.890831,0)
-3.35  (0.893843,0)
-3.3  (0.89682,0)
-3.25  (0.899762,0)
-3.2  (0.902668,0)
-3.15  (0.905539,0)
-3.1  (0.908373,0)
-3.05  (0.911171,0)
-3  (0.913931,0)
-2.95  (0.916654,0)
-2.9  (0.919339,0)
-2.85  (0.921986,0)
-2.8  (0.924595,0)
-2.75  (0.927164,0)
-2.7  (0.929694,0)
-2.65  (0.932184,0)
-2.6  (0.934634,0)
-2.55  (0.937044,0)
-2.5  (0.939413,0)
-2.45  (0.941741,0)
-2.4  (0.944027,0)
-2.35  (0.946272,0)
-2.3  (0.948475,0)
-2.25  (0.950635,0)
-2.2  (0.952753,0)
-2.15  (0.954827,0)
-2.1  (0.956858,0)
-2.05  (0.958846,0)
-2  (0.960789,0)
-1.95  (0.962689,0)
-1.9  (0.964544,0)
-1.85  (0.966354,0)
-1.8  (0.968119,0)
-1.75  (0.969839,0)
-1.7  (0.971514,0)
-1.65  (0.973142,0)
-1.6  (0.974725,0)
-1.55  (0.976261,0)
-1.5  (0.977751,0)
-1.45  (0.979194,0)
-1.4  (0.980591,0)
-1.35  (0.98194,0)
-1.3  (0.983242,0)
-1.25  (0.984496,0)
-1.2  (0.985703,0)
-1.15  (0.986862,0)
-1.1  (0.987973,0)
-1.05  (0.989036,0)
-1  (0.99005,0)
-0.95  (0.991016,0)
-0.9  (0.991933,0)
-0.85  (0.992801,0)
-0.8  (0.99362,0)
-0.75  (0.994391,0)
-0.7  (0.995112,0)
-0.65  (0.995784,0)
-0.6  (0.996406,0)
-0.55  (0.99698,0)
-0.5  (0.997503,0)
-0.45  (0.997977,0)
-0.4  (0.998401,0)
-0.35  (0.998776,0)
-0.3  (0.9991,0)
-0.25  (0.999375,0)
-0.2  (0.9996,0)
-0.15  (0.999775,0)
-0.1  (0.9999,0)
-0.05  (0.999975,0)
0  (1,0)
0.05  (0.999975,0)
0.1  (0.9999,0)
0.15  (0.999775,0)
0.2  (0.9996,0)
0.25  (0.999375,0)
0.3  (0.9991,0)
0.35  (0.998776,0)
0.4  (0.998401,0)
0.45  (0.997977,0)
0.5  (0.997503,0)
0.55  (0.99698,0)
0.6  (0.996406,0)
0.65  (0.995784,0)
0.7  (0.995112,0)
0.75  (0.994391,0)
0.8  (0.99362,0)
0.85  (0.992801,0)
0.9  (0.991933,0)
0.95  (0.991016,0)
1  (0.99005,0)
1.05  (0.989036,0)
1.1  (0.987973,0)
1.15  (0.986862,0)
1.2  (0.985703,0)
1.25  (0.984496,0)
1.3  (0.983242,0)
1.35  (0.98194,0)
1.4  (0.980591,0)
1.45  (0.979194,0)
1.5  (0.977751,0)
1.55  (0.976261,0)
1.6  (0.974725,0)
1.65  (0.973142,0)
1.7  (0.971514,0)
1.75  (0.969839,0)
1.8  (0.968119,0)
1.85  (0.966354,0)
1.9  (0.964544,0)
1.95  (0.962689,0)
2  (0.960789,0)
2.05  (0.958846,0)
2.1  (0.956858,0)
2.15  (0.954827,0)
2.2  (0.952753,0)
2.25  (0.950635,0)
2.3  (0.948475,0)
2.35  (0.946272,0)
2.4  (0.944027,0)
2.45  (0.941741,0)
2.5  (0.939413,0)
2.55  (0.937044,0)
2.6  (0.934634,0)
2.65  (0.932184,0)
2.7  (0.929694,0)
2.75  (0.927164,0)
2.8  (0.924595,0)
2.85  (0.921986,0)
2.9  (0.919339,0)
2.95  (0.916654,0)
3  (0.913931,0)
3.05  (0.911171,0)
3.1  (0.908373,0)
3.15  (0.905539,0)
3.2  (0.902668,0)
3.25  (0.899762,0)
3.3  (0.89682,0)
3.35  (0.893843,0)
3.4  (0.890831,0)
3.45  (0.887786,0)
3.5  (0.884706,0)
3.55  (0.881593,0)
3.6  (0.878447,0)
3.65  (0.875268,0)
3.7  (0.872057,0)
3.75  (0.868815,0)
3.8  (0.865541,0)
3.85  (0.862237,0)
3.9  (0.858902,0)
3.95  (0.855538,0)
4  (0.852144,0)
4.05  (0.848721,0)
4.1  (0.845269,0)
4.15  (0.84179,0)
4.2  (0.838283,0)
4.25  (0.834748,0)
4.3  (0.831187,0)
4.35  (0.8276,0)
4.4  (0.823987,0)
4.45  (0.820349,0)
4.5  (0.816686,0)
4.55  (0.812999,0)
4.6  (0.809288,0)
4.65  (0.805554,0)
4.7  (0.801797,0)
4.75  (0.798017,0)
4.8  (0.794216,0)
4.85  (0.790393,0)
4.9  (0.786549,0)
4.95  (0.782685,0)
5  (0.778801,0)
5.05  (0.774897,0)
5.1  (0.770974,0)
5.15  (0.767033,0)
5.2  (0.763074,0)
5.25  (0.759098,0)
5.3  (0.755104,0)
5.35  (0.751094,0)
5.4  (0.747067,0)
5.45  (0.743025,0)
5.5  (0.738968,0)
5.55  (0.734897,0)
5.6  (0.730811,0)
5.65  (0.726712,0)
5.7  (0.7226,0)
5.75  (0.718475,0)
5.8  (0.714337,0)
5.85  (0.710188,0)
5.9  (0.706028,0)
5.95  (0.701857,0)
6  (0.697676,0)
6.05  (0.693485,0)
6.1  (0.689285,0)
6.15  (0.685076,0)
6.2  (0.680859,0)
6.25  (0.676634,0)
6.3  (0.672401,0)
6.35  (0.668162,0)
6.4  (0.663916,0)
6.45  (0.659664,0)
6.5  (0.655406,0)
6.55  (0.651144,0)
6.6  (0.646876,0)
6.65  (0.642605,0)
6.7  (0.63833,0)
6.75  (0.634052,0)
6.8  (0.62977,0)
6.85  (0.625487,0)
6.9  (0.621201,0)
6.95  (0.616914,0)
7  (0.612626,0)
7.05  (0.608338,0)
7.1  (0.604049,0)
7.15  (0.59976,0)
7.2  (0.595473,0)
7.25  (0.591186,0)
7.3  (0.5869,0)
7.35  (0.582617,0)
7.4  (0.578336,0)
7.45  (0.574058,0)
7.5  (0.569783,0)
7.55  (0.565511,0)
7.6  (0.561244,0)
7.65  (0.556981,0)
7.7  (0.552722,0)
7.75  (0.548469,0)
7.8  (0.544221,0)
7.85  (0.539979,0)
7.9  (0.535743,0)
7.95  (0.531514,0)
8  (0.527292,0)
8.05  (0.523078,0)
8.1  (0.518871,0)
8.15  (0.514672,0)
8.2  (0.510482,0)
8.25  (0.5063,0)
8.3  (0.502128,0)
8.35  (0.497965,0)
8.4  (0.493812,0)
8.45  (0.489669,0)
8.5  (0.485537,0)
8.55  (0.481415,0)
8.6  (0.477305,0)
8.65  (0.473206,0)
8.7  (0.469118,0)
8.75  (0.465043,0)
8.8  (0.46098,0)
8.85  (0.45693,0)
8.9  (0.452893,0)
8.95  (0.448869,0)
9  (0.444858,0)
9.05  (0.440861,0)
9.1  (0.436879,0)
9.15  (0.43291,0)
9.2  (0.428956,0)
9.25  (0.425017,0)
9.3  (0.421094,0)
9.35  (0.417185,0)
9.4  (0.413292,0)
9.45  (0.409415,0)
9.5  (0.405555,0)
9.55  (0.40171,0)
9.6  (0.397882,0)
9.65  (0.394071,0)
9.7  (0.390276,0)
9.75  (0.386499,0)
9.8  (0.38274,0)
9.85  (0.378998,0)
9.9  (0.375274,0)
9.95  (0.371567,0)
10  (0.367879,0)
10.05  (0.36421,0)
10.1  (0.360559,0)
10.15  (0.356927,0)
10.2  (0.353313,0)
10.25  (0.349719,0)
10.3  (0.346144,0)
10.35  (0.342589,0)
10.4  (0.339053,0)
10.45  (0.335536,0)
10.5  (0.33204,0)
10.55  (0.328564,0)
10.6  (0.325107,0)
10.65  (0.321671,0)
10.7  (0.318256,0)
10.75  (0.314861,0)
10.8  (0.311486,0)
10.85  (0.308133,0)
10.9  (0.3048,0)
10.95  (0.301488,0)
11  (0.298197,0)
11.05  (0.294928,0)
11.1  (0.291679,0)
11.15  (0.288452,0)
11.2  (0.285247,0)
11.25  (0.282063,0)
11.3  (0.278901,0)
11.35  (0.27576,0)
11.4  (0.272641,0)
11.45  (0.269544,0)
11.5  (0.266468,0)
11.55  (0.263415,0)
11.6  (0.260383,0)
11.65  (0.257374,0)
11.7  (0.254387,0)
11.75  (0.251421,0)
11.8  (0.248478,0)
11.85  (0.245557,0)
11.9  (0.242659,0)
11.95  (0.239782,0)
12  (0.236928,0)
12.05  (0.234096,0)
12.1  (0.231286,0)
12.15  (0.228499,0)
12.2  (0.225734,0)
12.25  (0.222991,0)
12.3  (0.22027,0)
12.35  (0.217572,0)
12.4  (0.214896,0)
12.45  (0.212243,0)
12.5  (0.209611,0)
12.55  (0.207002,0)
12.6  (0.204416,0)
12.65  (0.201851,0)
12.7  (0.199309,0)
12.75  (0.196789,0)
12.8  (0.194291,0)
12.85  (0.191815,0)
12.9  (0.189361,0)
12.95  (0.186929,0)
13  (0.18452,0)
13.05  (0.182132,0)
13.1  (0.179766,0)
13.15  (0.177422,0)
13.2  (0.1751,0)
13.25  (0.172799,0)
13.3  (0.17052,0)
13.35  (0.168263,0)
13.4  (0.166028,0)
13.45  (0.163814,0)
13.5  (0.161621,0)
13.55  (0.15945,0)
13.6  (0.1573,0)
13.65  (0.155171,0)
13.7  (0.153064,0)
13.75  (0.150977,0)
13.8  (0.148912,0)
13.85  (0.146867,0)
13.9  (0.144844,0)
13.95  (0.142841,0)
14  (0.140858,0)
14.05  (0.138897,0)
14.1  (0.136955,0)
14.15  (0.135034,0)
14.2  (0.133134,0)
14.25  (0.131253,0)
14.3  (0.129393,0)
14.35  (0.127553,0)
14.4  (0.125732,0)
14.45  (0.123932,0)
14.5  (0.122151,0)
14.55  (0.120389,0)
14.6  (0.118647,0)
14.65  (0.116925,0)
14.7  (0.115221,0)
14.75  (0.113537,0)
14.8  (0.111872,0)
14.85  (0.110226,0)
14.9  (0.108598,0)
14.95  (0.106989,0)
15  (0.105399,0)
15.05  (0.103827,0)
15.1  (0.102274,0)
15.15  (0.100739,0)
15.2  (0.0992216,0)
15.25  (0.0977223,0)
15.3  (0.096241,0)
15.35  (0.0947773,0)
15.4  (0.0933313,0)
15.45  (0.0919027,0)
15.5  (0.0904914,0)
15.55  (0.0890974,0)
15.6  (0.0877205,0)
15.65  (0.0863605,0)
15.7  (0.0850173,0)
15.75  (0.0836909,0)
15.8  (0.082381,0)
15.85  (0.0810876,0)
15.9  (0.0798105,0)
15.95  (0.0785496,0)
16  (0.0773047,0)
16.05  (0.0760758,0)
16.1  (0.0748627,0)
16.15  (0.0736652,0)
16.2  (0.0724832,0)
16.25  (0.0713167,0)
16.3  (0.0701654,0)
16.35  (0.0690292,0)
16.4  (0.0679081,0)
16.45  (0.0668018,0)
16.5  (0.0657103,0)
16.55  (0.0646333,0)
16.6  (0.0635709,0)
16.65  (0.0625227,0)
16.7  (0.0614888,0)
16.75  (0.060469,0)
16.8  (0.0594631,0)
16.85  (0.058471,0)
16.9  (0.0574925,0)
16.95  (0.0565277,0)
17  (0.0555762,0)
17.05  (0.054638,0)
17.1  (0.053713,0)
17.15  (0.052801,0)
17.2  (0.0519019,0)
17.25  (0.0510155,0)
17.3  (0.0501418,0)
17.35  (0.0492806,0)
17.4  (0.0484317,0)
17.45  (0.0475951,0)
17.5  (0.0467706,0)
17.55  (0.0459581,0)
17.6  (0.0451575,0)
17.65  (0.0443685,0)
17.7  (0.0435912,0)
17.75  (0.0428254,0)
17.8  (0.0420709,0)
17.85  (0.0413276,0)
17.9  (0.0405954,0)
17.95  (0.0398742,0)
18  (0.0391639,0)
18.05  (0.0384643,0)
18.1  (0.0377753,0)
18.15  (0.0370968,0)
18.2  (0.0364286,0)
18.25  (0.0357707,0)
18.3  (0.035123,0)
18.35  (0.0344852,0)
18.4  (0.0338573,0)
18.45  (0.0332392,0)
18.5  (0.0326308,0)
18.55  (0.0320318,0)
18.6  (0.0314423,0)
18.65  (0.0308621,0)
18.7  (0.0302911,0)
18.75  (0.0297292,0)
18.8  (0.0291763,0)
18.85  (0.0286322,0)
18.9  (0.0280968,0)
18.95  (0.0275701,0)
19  (0.0270518,0)
19.05  (0.0265421,0)
19.1  (0.0260406,0)
19.15  (0.0255473,0)
19.2  (0.0250621,0)
19.25  (0.0245848,0)
19.3  (0.0241155,0)
19.35  (0.023654,0)
19.4  (0.0232001,0)
19.45  (0.0227538,0)
19.5  (0.0223149,0)
19.55  (0.0218834,0)
19.6  (0.0214592,0)
19.65  (0.0210422,0)
19.7  (0.0206322,0)
19.75  (0.0202293,0)
19.8  (0.0198332,0)
19.85  (0.0194438,0)
19.9  (0.0190612,0)
19.95  (0.0186852,0)
20  (0.0183156,0)
20.05  (0.0179525,0)
20.1  (0.0175957,0)
20.15  (0.0172451,0)
20.2  (0.0169007,0)
20.25  (0.0165623,0)
20.3  (0.0162299,0)
20.35  (0.0159034,0)
20.4  (0.0155826,0)
20.45  (0.0152676,0)
20.5  (0.0149581,0)
20.55  (0.0146542,0)
20.6  (0.0143558,0)
20.65  (0.0140628,0)
20.7  (0.013775,0)
20.75  (0.0134925,0)
20.8  (0.013215,0)
20.85  (0.0129427,0)
20.9  (0.0126753,0)
20.95  (0.0124128,0)
21  (0.0121552,0)
21.05  (0.0119023,0)
21.1  (0.0116541,0)
21.15  (0.0114105,0)
21.2  (0.0111714,0)
21.25  (0.0109368,0)
21.3  (0.0107065,0)
21.35  (0.0104806,0)
21.4  (0.010259,0)
21.45  (0.0100415,0)
21.5  (0.00982819,0)
21.55  (0.0096189,0)
21.6  (0.0094136,0)
21.65  (0.00921221,0)
21.7  (0.00901469,0)
21.75  (0.00882096,0)
21.8  (0.00863096,0)
21.85  (0.00844463,0)
21.9  (0.00826191,0)
21.95  (0.00808273,0)
22  (0.00790705,0)
22.05  (0.00773481,0)
22.1  (0.00756593,0)
22.15  (0.00740037,0)
22.2  (0.00723807,0)
22.25  (0.00707898,0)
22.3  (0.00692304,0)
22.35  (0.0067702,0)
22.4  (0.0066204,0)
22.45  (0.00647359,0)
22.5  (0.00632972,0)
22.55  (0.00618873,0)
22.6  (0.00605059,0)
22.65  (0.00591523,0)
22.7  (0.00578261,0)
22.75  (0.00565268,0)
22.8  (0.0055254,0)
22.85  (0.00540071,0)
22.9  (0.00527857,0)
22.95  (0.00515894,0)
23  (0.00504176,0)
23.05  (0.004927,0)
23.1  (0.00481461,0)
23.15  (0.00470455,0)
23.2  (0.00459678,0)
23.25  (0.00449125,0)
23.3  (0.00438792,0)
23.35  (0.00428676,0)
23.4  (0.00418772,0)
23.45  (0.00409076,0)
23.5  (0.00399585,0)
23.55  (0.00390294,0)
23.6  (0.003812,0)
23.65  (0.003723,0)
23.7  (0.00363589,0)
23.75  (0.00355065,0)
23.8  (0.00346723,0)
23.85  (0.0033856,0)
23.9  (0.00330572,0)
23.95  (0.00322757,0)
24  (0.00315111,0)
24.05  (0.00307631,0)
24.1  (0.00300313,0)
24.15  (0.00293155,0)
24.2  (0.00286153,0)
24.25  (0.00279304,0)
24.3  (0.00272605,0)
24.35  (0.00266054,0)
24.4  (0.00259648,0)
24.45  (0.00253383,0)
24.5  (0.00247256,0)
24.55  (0.00241266,0)
24.6  (0.00235409,0)
24.65  (0.00229683,0)
24.7  (0.00224085,0)
24.75  (0.00218612,0)
24.8  (0.00213263,0)
24.85  (0.00208034,0)
24.9  (0.00202923,0)
24.95  (0.00197927,0)
