-25  (0.000639099,-0.000123855)
-24.95  (0.000639585,-0.000123577)
-24.9  (0.000641043,-0.000122744)
-24.85  (0.000643481,-0.000121362)
-24.8  (0.000646909,-0.000119439)
-24.75  (0.000651341,-0.00011699)
-24.7  (0.000656796,-0.000114031)
-24.65  (0.000663296,-0.000110585)
-24.6  (0.000670864,-0.000106677)
-24.55  (0.000679527,-0.00010234)
-24.5  (0.000689313,-9.76103e-05)
-24.45  (0.000700252,-9.25325e-05)
-24.4  (0.000712373,-8.71554e-05)
-24.35  (0.000725704,-8.15357e-05)
-24.3  (0.000740269,-7.57356e-05)
-24.25  (0.00075609,-6.98253e-05)
-24.2  (0.000773184,-6.38799e-05)
-24.15  (0.000791559,-5.7982e-05)
-24.1  (0.000811218,-5.22182e-05)
-24.05  (0.00083215,-4.66803e-05)
-24  (0.000854334,-4.14617e-05)
-23.95  (0.000877738,-3.66579e-05)
-23.9  (0.000902312,-3.23618e-05)
-23.85  (0.000927992,-2.86634e-05)
-23.8  (0.000954701,-2.56442e-05)
-23.75  (0.000982344,-2.33767e-05)
-23.7  (0.00101081,-2.19177e-05)
-23.65  (0.00103998,-2.13079e-05)
-23.6  (0.00106972,-2.1565e-05)
-23.55  (0.0010999,-2.26838e-05)
-23.5  (0.00113037,-2.46304e-05)
-23.45  (0.001161,-2.73431e-05)
-23.4  (0.00119166,-3.07294e-05)
-23.35  (0.00122224,-3.46695e-05)
-23.3  (0.00125266,-3.90155e-05)
-23.25  (0.00128286,-4.35993e-05)
-23.2  (0.00131283,-4.82357e-05)
-23.15  (0.00134259,-5.27334e-05)
-23.1  (0.0013722,-5.69025e-05)
-23.05  (0.00140178,-6.0568e-05)
-23  (0.0014315,-6.3579e-05)
-22.95  (0.00146154,-6.58233e-05)
-22.9  (0.00149212,-6.72347e-05)
-22.85  (0.00152349,-6.78042e-05)
-22.8  (0.00155588,-6.75823e-05)
-22.75  (0.00158952,-6.66821e-05)
-22.7  (0.00162458,-6.52717e-05)
-22.65  (0.0016612,-6.35675e-05)
-22.6  (0.00169946,-6.18153e-05)
-22.55  (0.00173935,-6.02732e-05)
-22.5  (0.00178078,-5.91854e-05)
-22.45  (0.00182359,-5.876e-05)
-22.4  (0.00186757,-5.91429e-05)
-22.35  (0.00191247,-6.04016e-05)
-22.3  (0.001958,-6.25103e-05)
-22.25  (0.00200393,-6.53501e-05)
-22.2  (0.00205005,-6.87151e-05)
-22.15  (0.00209625,-7.23356e-05)
-22.1  (0.00214251,-7.59055e-05)
-22.05  (0.00218893,-7.91238e-05)
-22  (0.0022357,-8.17326e-05)
-21.95  (0.00228313,-8.35581e-05)
-21.9  (0.00233154,-8.45374e-05)
-21.85  (0.00238128,-8.47364e-05)
-21.8  (0.00243266,-8.43427e-05)
-21.75  (0.00248587,-8.36447e-05)
-21.7  (0.00254099,-8.29866e-05)
-21.65  (0.00259797,-8.27148e-05)
-21.6  (0.00265661,-8.31159e-05)
-21.55  (0.00271659,-8.43647e-05)
-21.5  (0.00277756,-8.64846e-05)
-21.45  (0.0028392,-8.93392e-05)
-21.4  (0.00290125,-9.26498e-05)
-21.35  (0.00296363,-9.60472e-05)
-21.3  (0.00302641,-9.91422e-05)
-21.25  (0.00308983,-0.00010161)
-21.2  (0.00315428,-0.000103259)
-21.15  (0.00322018,-0.000104086)
-21.1  (0.00328793,-0.000104275)
-21.05  (0.00335778,-0.000104169)
-21  (0.00342981,-0.000104191)
-20.95  (0.00350388,-0.000104741)
-20.9  (0.00357968,-0.000106094)
-20.85  (0.00365679,-0.000108327)
-20.8  (0.00373481,-0.000111289)
-20.75  (0.00381348,-0.000114635)
-20.7  (0.00389273,-0.000117913)
-20.65  (0.00397277,-0.000120694)
-20.6  (0.00405398,-0.000122691)
-20.55  (0.00413686,-0.000123857)
-20.5  (0.00422186,-0.000124399)
-20.45  (0.00430926,-0.00012473)
-20.4  (0.00439906,-0.000125336)
-20.35  (0.00449103,-0.00012663)
-20.3  (0.00458473,-0.000128802)
-20.25  (0.00467968,-0.000131757)
-20.2  (0.00477555,-0.000135134)
-20.15  (0.00487227,-0.000138426)
-20.1  (0.00497008,-0.00014116)
-20.05  (0.00506947,-0.00014307)
-20  (0.00517097,-0.000144203)
-19.95  (0.00527503,-0.000144913)
-19.9  (0.00538179,-0.000145726)
-19.85  (0.00549104,-0.000147143)
-19.8  (0.00560235,-0.000149429)
-19.75  (0.00571517,-0.000152504)
-19.7  (0.00582916,-0.000155962)
-19.65  (0.00594427,-0.00015924)
-19.6  (0.00606085,-0.000161854)
-19.55  (0.00617947,-0.000163624)
-19.5  (0.0063007,-0.000164753)
-19.45  (0.00642487,-0.000165753)
-19.4  (0.0065519,-0.000167207)
-19.35  (0.00668135,-0.000169496)
-19.3  (0.00681265,-0.000172609)
-19.25  (0.00694538,-0.000176137)
-19.2  (0.0070795,-0.00017947)
-19.15  (0.00721539,-0.000182105)
-19.1  (0.0073537,-0.000183902)
-19.05  (0.00749499,-0.000185173)
-19  (0.00763949,-0.000186522)
-18.95  (0.00778696,-0.000188526)
-18.9  (0.00793682,-0.000191412)
-18.85  (0.0080885,-0.000194926)
-18.8  (0.00824178,-0.000198462)
-18.75  (0.00839695,-0.00020141)
-18.7  (0.00855465,-0.00020351)
-18.65  (0.00871552,-0.000205017)
-18.6  (0.00887985,-0.000206556)
-18.55  (0.0090474,-0.000208747)
-18.5  (0.00921756,-0.000211817)
-18.45  (0.00938973,-0.000215449)
-18.4  (0.00956378,-0.000218972)
-18.35  (0.0097401,-0.000221794)
-18.3  (0.00991943,-0.000223792)
-18.25  (0.0101023,-0.000225405)
-18.2  (0.0102889,-0.000227347)
-18.15  (0.0104787,-0.000230119)
-18.1  (0.010671,-0.000233654)
-18.05  (0.0108653,-0.000237356)
-18  (0.0110621,-0.000240513)
-17.95  (0.0112618,-0.00024282)
-17.9  (0.0114653,-0.000244603)
-17.85  (0.0116728,-0.000246594)
-17.8  (0.0118837,-0.00024938)
-17.75  (0.0120974,-0.00025295)
-17.7  (0.0123135,-0.000256693)
-17.65  (0.0125322,-0.000259868)
-17.6  (0.0127542,-0.000262192)
-17.55  (0.0129803,-0.000264078)
-17.5  (0.0132106,-0.000266307)
-17.45  (0.0134444,-0.000269387)
-17.4  (0.0136811,-0.000273126)
-17.35  (0.0139204,-0.000276777)
-17.3  (0.0141627,-0.000279674)
-17.25  (0.014409,-0.000281812)
-17.2  (0.0146597,-0.00028386)
-17.15  (0.0149146,-0.000286576)
-17.1  (0.0151729,-0.000290128)
-17.05  (0.015434,-0.000293928)
-17  (0.0156982,-0.000297161)
-16.95  (0.0159663,-0.000299546)
-16.9  (0.0162389,-0.000301604)
-16.85  (0.0165161,-0.000304175)
-16.8  (0.0167971,-0.000307612)
-16.75  (0.0170812,-0.000311428)
-16.7  (0.0173685,-0.000314762)
-16.65  (0.0176599,-0.000317235)
-16.6  (0.017956,-0.000319337)
-16.55  (0.0182569,-0.000321939)
-16.5  (0.0185618,-0.000325402)
-16.45  (0.0188701,-0.000329191)
-16.4  (0.0191818,-0.000332425)
-16.35  (0.0194979,-0.000334812)
-16.3  (0.0198191,-0.000336966)
-16.25  (0.0201451,-0.000339756)
-16.2  (0.0204752,-0.000343352)
-16.15  (0.0208087,-0.000347027)
-16.1  (0.0211461,-0.000349958)
-16.05  (0.0214885,-0.000352159)
-16  (0.0218362,-0.00035447)
-15.95  (0.0221886,-0.000357602)
-15.9  (0.0225449,-0.000361301)
-15.85  (0.022905,-0.000364639)
-15.8  (0.0232698,-0.000367101)
-15.75  (0.0236399,-0.000369217)
-15.7  (0.0240154,-0.000371923)
-15.65  (0.0243953,-0.000375425)
-15.6  (0.024779,-0.000378931)
-15.55  (0.0251673,-0.000381629)
-15.5  (0.0255609,-0.000383706)
-15.45  (0.0259602,-0.000386122)
-15.4  (0.0263644,-0.000389387)
-15.35  (0.0267727,-0.000392895)
-15.3  (0.0271854,-0.000395699)
-15.25  (0.0276036,-0.000397759)
-15.2  (0.0280276,-0.0004)
-15.15  (0.0284569,-0.000403083)
-15.1  (0.0288904,-0.000406505)
-15.05  (0.0293285,-0.000409272)
-15  (0.0297722,-0.000411262)
-14.95  (0.030222,-0.000413405)
-14.9  (0.0306771,-0.000416385)
-14.85  (0.0311367,-0.000419674)
-14.8  (0.031601,-0.000422266)
-14.75  (0.0320712,-0.000424122)
-14.7  (0.0325475,-0.000426232)
-14.65  (0.0330292,-0.000429179)
-14.6  (0.0335155,-0.000432271)
-14.55  (0.0340069,-0.000434558)
-14.5  (0.0345045,-0.000436251)
-14.45  (0.0350083,-0.000438415)
-14.4  (0.0355173,-0.00044135)
-14.35  (0.036031,-0.000444125)
-14.3  (0.0365503,-0.000446002)
-14.25  (0.0370761,-0.000447594)
-14.2  (0.037608,-0.000449905)
-14.15  (0.0381449,-0.000452747)
-14.1  (0.0386869,-0.000455022)
-14.05  (0.039235,-0.000456486)
-14  (0.0397897,-0.000458145)
-13.95  (0.0403502,-0.000460626)
-13.9  (0.0409156,-0.000463133)
-13.85  (0.0414867,-0.000464759)
-13.8  (0.0420644,-0.000465997)
-13.75  (0.0426485,-0.000467923)
-13.7  (0.0432379,-0.000470368)
-13.65  (0.0438326,-0.000472201)
-13.6  (0.0444338,-0.000473262)
-13.55  (0.0450417,-0.000474649)
-13.5  (0.0456554,-0.000476807)
-13.45  (0.0462742,-0.000478737)
-13.4  (0.0468992,-0.000479754)
-13.35  (0.0475312,-0.000480712)
-13.3  (0.0481693,-0.000482476)
-13.25  (0.0488127,-0.000484358)
-13.2  (0.0494619,-0.000485353)
-13.15  (0.0501182,-0.000485984)
-13.1  (0.0507809,-0.000487341)
-13.05  (0.0514491,-0.000489059)
-13  (0.052123,-0.000489986)
-12.95  (0.0528038,-0.000490351)
-12.9  (0.0534913,-0.000491334)
-12.85  (0.0541845,-0.000492819)
-12.8  (0.0548832,-0.000493603)
-12.75  (0.0555889,-0.00049372)
-12.7  (0.0563014,-0.000494376)
-12.65  (0.0570196,-0.000495595)
-12.6  (0.0577434,-0.000496156)
-12.55  (0.0584741,-0.000496015)
-12.5  (0.0592117,-0.000496393)
-12.45  (0.059955,-0.00049733)
-12.4  (0.060704,-0.000497591)
-12.35  (0.0614599,-0.000497175)
-12.3  (0.0622227,-0.00049732)
-12.25  (0.0629911,-0.000497958)
-12.2  (0.0637653,-0.000497844)
-12.15  (0.0645465,-0.000497149)
-12.1  (0.0653345,-0.000497105)
-12.05  (0.066128,-0.000497407)
-12  (0.0669274,-0.00049685)
-11.95  (0.0677339,-0.000495899)
-11.9  (0.068547,-0.000495696)
-11.85  (0.0693655,-0.000495592)
-11.8  (0.0701902,-0.000494546)
-11.75  (0.071022,-0.000493401)
-11.7  (0.0718599,-0.000493035)
-11.65  (0.0727033,-0.000492418)
-11.6  (0.0735532,-0.000490891)
-11.55  (0.07441,-0.000489644)
-11.5  (0.0752727,-0.000489041)
-11.45  (0.0761408,-0.000487794)
-11.4  (0.0770158,-0.000485882)
-11.35  (0.0778974,-0.000484606)
-11.3  (0.0787843,-0.000483596)
-11.25  (0.0796771,-0.000481661)
-11.2  (0.0805769,-0.000479552)
-11.15  (0.0814828,-0.000478215)
-11.1  (0.0823938,-0.000476564)
-11.05  (0.0833112,-0.000474039)
-11  (0.0842353,-0.000471935)
-10.95  (0.0851648,-0.000470318)
-10.9  (0.0860998,-0.000467858)
-10.85  (0.0870415,-0.000465033)
-10.8  (0.0879892,-0.000462973)
-10.75  (0.088942,-0.000460709)
-10.7  (0.0899008,-0.000457536)
-10.65  (0.0908662,-0.00045475)
-10.6  (0.0918366,-0.000452446)
-10.55  (0.0928125,-0.000449277)
-10.5  (0.0937948,-0.000445813)
-10.45  (0.0947827,-0.000443116)
-10.4  (0.0957755,-0.000440059)
-10.35  (0.0967743,-0.000436178)
-10.3  (0.0977791,-0.000432852)
-10.25  (0.0987887,-0.000429781)
-10.2  (0.0998036,-0.00042575)
-10.15  (0.100825,-0.000421766)
-10.1  (0.101851,-0.000418447)
-10.05  (0.102882,-0.000414412)
-10  (0.103918,-0.000409889)
-9.95  (0.10496,-0.000406122)
-9.9  (0.106007,-0.000402081)
-9.85  (0.107059,-0.000397195)
-9.8  (0.108116,-0.000392872)
-9.75  (0.109178,-0.000388734)
-9.7  (0.110245,-0.000383627)
-9.65  (0.111317,-0.000378741)
-9.6  (0.112393,-0.000374381)
-9.55  (0.113474,-0.000369137)
-9.5  (0.114561,-0.000363738)
-9.45  (0.115651,-0.000359055)
-9.4  (0.116746,-0.000353693)
-9.35  (0.117846,-0.000347858)
-9.3  (0.11895,-0.000342783)
-9.25  (0.120058,-0.000337286)
-9.2  (0.121171,-0.000331083)
-9.15  (0.122288,-0.000325593)
-9.1  (0.123408,-0.000319921)
-9.05  (0.124533,-0.000313401)
-9  (0.125663,-0.000307496)
-8.95  (0.126795,-0.000301613)
-8.9  (0.127932,-0.000294805)
-8.85  (0.129073,-0.000288507)
-8.8  (0.130216,-0.000282377)
-8.75  (0.131364,-0.000275294)
-8.7  (0.132515,-0.000268631)
-8.65  (0.13367,-0.000262234)
-8.6  (0.134827,-0.000254874)
-8.55  (0.135989,-0.00024788)
-8.5  (0.137153,-0.0002412)
-8.45  (0.13832,-0.000233559)
-8.4  (0.13949,-0.000226266)
-8.35  (0.140663,-0.000219294)
-8.3  (0.141839,-0.000211361)
-8.25  (0.143018,-0.000203806)
-8.2  (0.144199,-0.000196531)
-8.15  (0.145382,-0.000188304)
-8.1  (0.146569,-0.000180518)
-8.05  (0.147757,-0.00017293)
-8  (0.148947,-0.000164408)
-7.95  (0.15014,-0.000156427)
-7.9  (0.151334,-0.000148505)
-7.85  (0.15253,-0.000139706)
-7.8  (0.153729,-0.000131555)
-7.75  (0.154928,-0.000123276)
-7.7  (0.15613,-0.000114228)
-7.65  (0.157333,-0.000105927)
-7.6  (0.158537,-9.72603e-05)
-7.55  (0.159742,-8.80185e-05)
-7.5  (0.160949,-7.95603e-05)
-7.45  (0.162156,-7.04881e-05)
-7.4  (0.163365,-6.11197e-05)
-7.35  (0.164574,-5.24731e-05)
-7.3  (0.165784,-4.29931e-05)
-7.25  (0.166994,-3.35792e-05)
-7.2  (0.168205,-2.46722e-05)
-7.15  (0.169416,-1.48315e-05)
-7.1  (0.170628,-5.42973e-06)
-7.05  (0.171839,3.82722e-06)
-7  (0.17305,1.39314e-05)
-6.95  (0.174262,2.33063e-05)
-6.9  (0.175472,3.30026e-05)
-6.85  (0.176683,4.32141e-05)
-6.8  (0.177893,5.26357e-05)
-6.75  (0.179102,6.27945e-05)
-6.7  (0.180311,7.29527e-05)
-6.65  (0.181518,8.25707e-05)
-6.6  (0.182724,9.31108e-05)
-6.55  (0.18393,0.000103112)
-6.5  (0.185133,0.000113116)
-6.45  (0.186336,0.000123824)
-6.4  (0.187537,0.000133719)
-6.35  (0.188736,0.000144214)
-6.3  (0.189934,0.000154829)
-6.25  (0.191129,0.000164827)
-6.2  (0.192323,0.000175732)
-6.15  (0.193514,0.000186086)
-6.1  (0.194703,0.00019647)
-6.05  (0.195889,0.000207484)
-6  (0.197073,0.000217669)
-5.95  (0.198254,0.000228559)
-5.9  (0.199432,0.00023934)
-5.85  (0.200607,0.000249685)
-5.8  (0.201779,0.000260886)
-5.75  (0.202948,0.00027132)
-5.7  (0.204112,0.000282146)
-5.65  (0.205274,0.000293211)
-5.6  (0.206432,0.00030359)
-5.55  (0.207586,0.000314844)
-5.5  (0.208736,0.000325483)
-5.45  (0.209881,0.000336253)
-5.4  (0.211023,0.000347469)
-5.35  (0.212161,0.000357886)
-5.3  (0.213293,0.000369143)
-5.25  (0.214421,0.000379878)
-5.2  (0.215544,0.00039062)
-5.15  (0.216663,0.000401868)
-5.1  (0.217776,0.00041229)
-5.05  (0.218884,0.000423525)
-5  (0.219987,0.000434241)
-4.95  (0.221083,0.000444963)
-4.9  (0.222175,0.000456151)
-4.85  (0.223261,0.00046652)
-4.8  (0.22434,0.000477722)
-4.75  (0.225414,0.000488291)
-4.7  (0.226481,0.000499016)
-4.65  (0.227543,0.000510027)
-4.6  (0.228597,0.000520316)
-4.55  (0.229645,0.000531436)
-4.5  (0.230687,0.000541763)
-4.45  (0.231721,0.000552496)
-4.4  (0.232749,0.0005632)
-4.35  (0.233769,0.000573418)
-4.3  (0.234783,0.000584359)
-4.25  (0.235789,0.000594387)
-4.2  (0.236786,0.000605119)
-4.15  (0.237777,0.000615366)
-4.1  (0.23876,0.000625585)
-4.05  (0.239735,0.000636147)
-4  (0.240702,0.000645945)
-3.95  (0.24166,0.000656542)
-3.9  (0.242611,0.000666277)
-3.85  (0.243552,0.000676526)
-3.8  (0.244486,0.000686488)
-3.75  (0.24541,0.000696215)
-3.7  (0.246326,0.0007064)
-3.65  (0.247233,0.000715741)
-3.6  (0.248131,0.000725882)
-3.55  (0.249019,0.000735143)
-3.5  (0.249898,0.000744923)
-3.45  (0.250769,0.000754341)
-3.4  (0.251628,0.000763608)
-3.35  (0.252479,0.000773199)
-3.3  (0.25332,0.000782033)
-3.25  (0.254151,0.000791607)
-3.2  (0.254972,0.000800239)
-3.15  (0.255782,0.000809531)
-3.1  (0.256583,0.000818187)
-3.05  (0.257373,0.00082701)
-3  (0.258153,0.000835784)
-2.95  (0.258922,0.000844109)
-2.9  (0.25968,0.000852936)
-2.85  (0.260428,0.000860878)
-2.8  (0.261165,0.000869583)
-2.75  (0.26189,0.000877321)
-2.7  (0.262605,0.000885709)
-2.65  (0.263308,0.000893402)
-2.6  (0.264,0.000901337)
-2.55  (0.264681,0.000909059)
-2.5  (0.26535,0.000916502)
-2.45  (0.266008,0.000924227)
-2.4  (0.266653,0.000931233)
-2.35  (0.267287,0.000938861)
-2.3  (0.267909,0.000945536)
-2.25  (0.268519,0.000952935)
-2.2  (0.269118,0.000959397)
-2.15  (0.269703,0.000966445)
-2.1  (0.270277,0.000972786)
-2.05  (0.270838,0.000979401)
-2  (0.271388,0.000985667)
-1.95  (0.271924,0.000991814)
-1.9  (0.272448,0.000998003)
-1.85  (0.272959,0.00100369)
-1.8  (0.273458,0.00100976)
-1.75  (0.273943,0.00101504)
-1.7  (0.274416,0.00102093)
-1.65  (0.274876,0.00102584)
-1.6  (0.275323,0.00103149)
-1.55  (0.275757,0.0010361)
-1.5  (0.276178,0.00104144)
-1.45  (0.276586,0.00104579)
-1.4  (0.27698,0.00105077)
-1.35  (0.277361,0.00105489)
-1.3  (0.277729,0.00105949)
-1.25  (0.278083,0.0010634)
-1.2  (0.278424,0.00106758)
-1.15  (0.278752,0.00107129)
-1.1  (0.279065,0.00107506)
-1.05  (0.279365,0.00107855)
-1  (0.279651,0.00108191)
-0.95  (0.279925,0.00108517)
-0.9  (0.280183,0.00108813)
-0.85  (0.280429,0.00109114)
-0.8  (0.28066,0.00109372)
-0.75  (0.280878,0.00109647)
-0.7  (0.281081,0.00109866)
-0.65  (0.281271,0.00110113)
-0.6  (0.281447,0.00110296)
-0.55  (0.281609,0.00110514)
-0.5  (0.281757,0.00110661)
-0.45  (0.281891,0.00110848)
-0.4  (0.28201,0.0011096)
-0.35  (0.282116,0.00111116)
-0.3  (0.282208,0.00111193)
-0.25  (0.282286,0.00111317)
-0.2  (0.282349,0.0011136)
-0.15  (0.282399,0.00111451)
-0.1  (0.282434,0.0011146)
-0.05  (0.282455,0.00111518)
0  (0.282462,0.00111494)
0.05  (0.282455,0.00111518)
0.1  (0.282434,0.0011146)
0.15  (0.282399,0.00111451)
0.2  (0.282349,0.0011136)
0.25  (0.282286,0.00111317)
0.3  (0.282208,0.00111193)
0.35  (0.282116,0.00111116)
0.4  (0.28201,0.0011096)
0.45  (0.281891,0.00110848)
0.5  (0.281757,0.00110661)
0.55  (0.281609,0.00110514)
0.6  (0.281447,0.00110296)
0.65  (0.281271,0.00110113)
0.7  (0.281081,0.00109866)
0.75  (0.280878,0.00109647)
0.8  (0.28066,0.00109372)
0.85  (0.280429,0.00109114)
0.9  (0.280183,0.00108813)
0.95  (0.279925,0.00108517)
1  (0.279651,0.00108191)
1.05  (0.279365,0.00107855)
1.1  (0.279065,0.00107506)
1.15  (0.278752,0.00107129)
1.2  (0.278424,0.00106758)
1.25  (0.278083,0.0010634)
1.3  (0.277729,0.00105949)
1.35  (0.277361,0.00105489)
1.4  (0.27698,0.00105077)
1.45  (0.276586,0.00104579)
1.5  (0.276178,0.00104144)
1.55  (0.275757,0.0010361)
1.6  (0.275323,0.00103149)
1.65  (0.274876,0.00102584)
1.7  (0.274416,0.00102093)
1.75  (0.273943,0.00101504)
1.8  (0.273458,0.00100976)
1.85  (0.272959,0.00100369)
1.9  (0.272448,0.000998003)
1.95  (0.271924,0.000991814)
2  (0.271388,0.000985667)
2.05  (0.270838,0.000979401)
2.1  (0.270277,0.000972786)
2.15  (0.269703,0.000966445)
2.2  (0.269118,0.000959397)
2.25  (0.268519,0.000952935)
2.3  (0.267909,0.000945536)
2.35  (0.267287,0.000938861)
2.4  (0.266653,0.000931233)
2.45  (0.266008,0.000924227)
2.5  (0.26535,0.000916502)
2.55  (0.264681,0.000909059)
2.6  (0.264,0.000901337)
2.65  (0.263308,0.000893402)
2.7  (0.262605,0.000885709)
2.75  (0.26189,0.000877321)
2.8  (0.261165,0.000869583)
2.85  (0.260428,0.000860878)
2.9  (0.25968,0.000852936)
2.95  (0.258922,0.000844109)
3  (0.258153,0.000835784)
3.05  (0.257373,0.00082701)
3.1  (0.256583,0.000818187)
3.15  (0.255782,0.000809531)
3.2  (0.254972,0.000800239)
3.25  (0.254151,0.000791607)
3.3  (0.25332,0.000782033)
3.35  (0.252479,0.000773199)
3.4  (0.251628,0.000763608)
3.45  (0.250769,0.000754341)
3.5  (0.249898,0.000744923)
3.55  (0.249019,0.000735143)
3.6  (0.248131,0.000725882)
3.65  (0.247233,0.000715741)
3.7  (0.246326,0.0007064)
3.75  (0.24541,0.000696215)
3.8  (0.244486,0.000686488)
3.85  (0.243552,0.000676526)
3.9  (0.242611,0.000666277)
3.95  (0.24166,0.000656542)
4  (0.240702,0.000645945)
4.05  (0.239735,0.000636147)
4.1  (0.23876,0.000625585)
4.15  (0.237777,0.000615366)
4.2  (0.236786,0.000605119)
4.25  (0.235789,0.000594387)
4.3  (0.234783,0.000584359)
4.35  (0.233769,0.000573418)
4.4  (0.232749,0.0005632)
4.45  (0.231721,0.000552496)
4.5  (0.230687,0.000541763)
4.55  (0.229645,0.000531436)
4.6  (0.228597,0.000520316)
4.65  (0.227543,0.000510027)
4.7  (0.226481,0.000499016)
4.75  (0.225414,0.000488291)
4.8  (0.22434,0.000477722)
4.85  (0.223261,0.00046652)
4.9  (0.222175,0.000456151)
4.95  (0.221083,0.000444963)
5  (0.219987,0.000434241)
5.05  (0.218884,0.000423525)
5.1  (0.217776,0.00041229)
5.15  (0.216663,0.000401868)
5.2  (0.215544,0.00039062)
5.25  (0.214421,0.000379878)
5.3  (0.213293,0.000369143)
5.35  (0.212161,0.000357886)
5.4  (0.211023,0.000347469)
5.45  (0.209881,0.000336253)
5.5  (0.208736,0.000325483)
5.55  (0.207586,0.000314844)
5.6  (0.206432,0.00030359)
5.65  (0.205274,0.000293211)
5.7  (0.204112,0.000282146)
5.75  (0.202948,0.00027132)
5.8  (0.201779,0.000260886)
5.85  (0.200607,0.000249685)
5.9  (0.199432,0.00023934)
5.95  (0.198254,0.000228559)
6  (0.197073,0.000217669)
6.05  (0.195889,0.000207484)
6.1  (0.194703,0.00019647)
6.15  (0.193514,0.000186086)
6.2  (0.192323,0.000175732)
6.25  (0.191129,0.000164827)
6.3  (0.189934,0.000154829)
6.35  (0.188736,0.000144214)
6.4  (0.187537,0.000133719)
6.45  (0.186336,0.000123824)
6.5  (0.185133,0.000113116)
6.55  (0.18393,0.000103112)
6.6  (0.182724,9.31108e-05)
6.65  (0.181518,8.25707e-05)
6.7  (0.180311,7.29527e-05)
6.75  (0.179102,6.27945e-05)
6.8  (0.177893,5.26357e-05)
6.85  (0.176683,4.32141e-05)
6.9  (0.175472,3.30026e-05)
6.95  (0.174262,2.33063e-05)
7  (0.17305,1.39314e-05)
7.05  (0.171839,3.82722e-06)
7.1  (0.170628,-5.42973e-06)
7.15  (0.169416,-1.48315e-05)
7.2  (0.168205,-2.46722e-05)
7.25  (0.166994,-3.35792e-05)
7.3  (0.165784,-4.29931e-05)
7.35  (0.164574,-5.24731e-05)
7.4  (0.163365,-6.11197e-05)
7.45  (0.162156,-7.04881e-05)
7.5  (0.160949,-7.95603e-05)
7.55  (0.159742,-8.80185e-05)
7.6  (0.158537,-9.72603e-05)
7.65  (0.157333,-0.000105927)
7.7  (0.15613,-0.000114228)
7.75  (0.154928,-0.000123276)
7.8  (0.153729,-0.000131555)
7.85  (0.15253,-0.000139706)
7.9  (0.151334,-0.000148505)
7.95  (0.15014,-0.000156427)
8  (0.148947,-0.000164408)
8.05  (0.147757,-0.00017293)
8.1  (0.146569,-0.000180518)
8.15  (0.145382,-0.000188304)
8.2  (0.144199,-0.000196531)
8.25  (0.143018,-0.000203806)
8.3  (0.141839,-0.000211361)
8.35  (0.140663,-0.000219294)
8.4  (0.13949,-0.000226266)
8.45  (0.13832,-0.000233559)
8.5  (0.137153,-0.0002412)
8.55  (0.135989,-0.00024788)
8.6  (0.134827,-0.000254874)
8.65  (0.13367,-0.000262234)
8.7  (0.132515,-0.000268631)
8.75  (0.131364,-0.000275294)
8.8  (0.130216,-0.000282377)
8.85  (0.129073,-0.000288507)
8.9  (0.127932,-0.000294805)
8.95  (0.126795,-0.000301613)
9  (0.125663,-0.000307496)
9.05  (0.124533,-0.000313401)
9.1  (0.123408,-0.000319921)
9.15  (0.122288,-0.000325593)
9.2  (0.121171,-0.000331083)
9.25  (0.120058,-0.000337286)
9.3  (0.11895,-0.000342783)
9.35  (0.117846,-0.000347858)
9.4  (0.116746,-0.000353693)
9.45  (0.115651,-0.000359055)
9.5  (0.114561,-0.000363738)
9.55  (0.113474,-0.000369137)
9.6  (0.112393,-0.000374381)
9.65  (0.111317,-0.000378741)
9.7  (0.110245,-0.000383627)
9.75  (0.109178,-0.000388734)
9.8  (0.108116,-0.000392872)
9.85  (0.107059,-0.000397195)
9.9  (0.106007,-0.000402081)
9.95  (0.10496,-0.000406122)
10  (0.103918,-0.000409889)
10.05  (0.102882,-0.000414412)
10.1  (0.101851,-0.000418447)
10.15  (0.100825,-0.000421766)
10.2  (0.0998036,-0.00042575)
10.25  (0.0987887,-0.000429781)
10.3  (0.0977791,-0.000432852)
10.35  (0.0967743,-0.000436178)
10.4  (0.0957755,-0.000440059)
10.45  (0.0947827,-0.000443116)
10.5  (0.0937948,-0.000445813)
10.55  (0.0928125,-0.000449277)
10.6  (0.0918366,-0.000452446)
10.65  (0.0908662,-0.00045475)
10.7  (0.0899008,-0.000457536)
10.75  (0.088942,-0.000460709)
10.8  (0.0879892,-0.000462973)
10.85  (0.0870415,-0.000465033)
10.9  (0.0860998,-0.000467858)
10.95  (0.0851648,-0.000470318)
11  (0.0842353,-0.000471935)
11.05  (0.0833112,-0.000474039)
11.1  (0.0823938,-0.000476564)
11.15  (0.0814828,-0.000478215)
11.2  (0.0805769,-0.000479552)
11.25  (0.0796771,-0.000481661)
11.3  (0.0787843,-0.000483596)
11.35  (0.0778974,-0.000484606)
11.4  (0.0770158,-0.000485882)
11.45  (0.0761408,-0.000487794)
11.5  (0.0752727,-0.000489041)
11.55  (0.07441,-0.000489644)
11.6  (0.0735532,-0.000490891)
11.65  (0.0727033,-0.000492418)
11.7  (0.0718599,-0.000493035)
11.75  (0.071022,-0.000493401)
11.8  (0.0701902,-0.000494546)
11.85  (0.0693655,-0.000495592)
11.9  (0.068547,-0.000495696)
11.95  (0.0677339,-0.000495899)
12  (0.0669274,-0.00049685)
12.05  (0.066128,-0.000497407)
12.1  (0.0653345,-0.000497105)
12.15  (0.0645465,-0.000497149)
12.2  (0.0637653,-0.000497844)
12.25  (0.0629911,-0.000497958)
12.3  (0.0622227,-0.00049732)
12.35  (0.0614599,-0.000497175)
12.4  (0.060704,-0.000497591)
12.45  (0.059955,-0.00049733)
12.5  (0.0592117,-0.000496393)
12.55  (0.0584741,-0.000496015)
12.6  (0.0577434,-0.000496156)
12.65  (0.0570196,-0.000495595)
12.7  (0.0563014,-0.000494376)
12.75  (0.0555889,-0.00049372)
12.8  (0.0548832,-0.000493603)
12.85  (0.0541845,-0.000492819)
12.9  (0.0534913,-0.000491334)
12.95  (0.0528038,-0.000490351)
13  (0.052123,-0.000489986)
13.05  (0.0514491,-0.000489059)
13.1  (0.0507809,-0.000487341)
13.15  (0.0501182,-0.000485984)
13.2  (0.0494619,-0.000485353)
13.25  (0.0488127,-0.000484358)
13.3  (0.0481693,-0.000482476)
13.35  (0.0475312,-0.000480712)
13.4  (0.0468992,-0.000479754)
13.45  (0.0462742,-0.000478737)
13.5  (0.0456554,-0.000476807)
13.55  (0.0450417,-0.000474649)
13.6  (0.0444338,-0.000473262)
13.65  (0.0438326,-0.000472201)
13.7  (0.0432379,-0.000470368)
13.75  (0.0426485,-0.000467923)
13.8  (0.0420644,-0.000465997)
13.85  (0.0414867,-0.000464759)
13.9  (0.0409156,-0.000463133)
13.95  (0.0403502,-0.000460626)
14  (0.0397897,-0.000458145)
14.05  (0.039235,-0.000456486)
14.1  (0.0386869,-0.000455022)
14.15  (0.0381449,-0.000452747)
14.2  (0.037608,-0.000449905)
14.25  (0.0370761,-0.000447594)
14.3  (0.0365503,-0.000446002)
14.35  (0.036031,-0.000444125)
14.4  (0.0355173,-0.00044135)
14.45  (0.0350083,-0.000438415)
14.5  (0.0345045,-0.000436251)
14.55  (0.0340069,-0.000434558)
14.6  (0.0335155,-0.000432271)
14.65  (0.0330292,-0.000429179)
14.7  (0.0325475,-0.000426232)
14.75  (0.0320712,-0.000424122)
14.8  (0.031601,-0.000422266)
14.85  (0.0311367,-0.000419674)
14.9  (0.0306771,-0.000416385)
14.95  (0.030222,-0.000413405)
15  (0.0297722,-0.000411262)
15.05  (0.0293285,-0.000409272)
15.1  (0.0288904,-0.000406505)
15.15  (0.0284569,-0.000403083)
15.2  (0.0280276,-0.0004)
15.25  (0.0276036,-0.000397759)
15.3  (0.0271854,-0.000395699)
15.35  (0.0267727,-0.000392895)
15.4  (0.0263644,-0.000389387)
15.45  (0.0259602,-0.000386122)
15.5  (0.0255609,-0.000383706)
15.55  (0.0251673,-0.000381629)
15.6  (0.024779,-0.000378931)
15.65  (0.0243953,-0.000375425)
15.7  (0.0240154,-0.000371923)
15.75  (0.0236399,-0.000369217)
15.8  (0.0232698,-0.000367101)
15.85  (0.022905,-0.000364639)
15.9  (0.0225449,-0.000361301)
15.95  (0.0221886,-0.000357602)
16  (0.0218362,-0.00035447)
16.05  (0.0214885,-0.000352159)
16.1  (0.0211461,-0.000349958)
16.15  (0.0208087,-0.000347027)
16.2  (0.0204752,-0.000343352)
16.25  (0.0201451,-0.000339756)
16.3  (0.0198191,-0.000336966)
16.35  (0.0194979,-0.000334812)
16.4  (0.0191818,-0.000332425)
16.45  (0.0188701,-0.000329191)
16.5  (0.0185618,-0.000325402)
16.55  (0.0182569,-0.000321939)
16.6  (0.017956,-0.000319337)
16.65  (0.0176599,-0.000317235)
16.7  (0.0173685,-0.000314762)
16.75  (0.0170812,-0.000311428)
16.8  (0.0167971,-0.000307612)
16.85  (0.0165161,-0.000304175)
16.9  (0.0162389,-0.000301604)
16.95  (0.0159663,-0.000299546)
17  (0.0156982,-0.000297161)
17.05  (0.015434,-0.000293928)
17.1  (0.0151729,-0.000290128)
17.15  (0.0149146,-0.000286576)
17.2  (0.0146597,-0.00028386)
17.25  (0.014409,-0.000281812)
17.3  (0.0141627,-0.000279674)
17.35  (0.0139204,-0.000276777)
17.4  (0.0136811,-0.000273126)
17.45  (0.0134444,-0.000269387)
17.5  (0.0132106,-0.000266307)
17.55  (0.0129803,-0.000264078)
17.6  (0.0127542,-0.000262192)
17.65  (0.0125322,-0.000259868)
17.7  (0.0123135,-0.000256693)
17.75  (0.0120974,-0.00025295)
17.8  (0.0118837,-0.00024938)
17.85  (0.0116728,-0.000246594)
17.9  (0.0114653,-0.000244603)
17.95  (0.0112618,-0.00024282)
18  (0.0110621,-0.000240513)
18.05  (0.0108653,-0.000237356)
18.1  (0.010671,-0.000233654)
18.15  (0.0104787,-0.000230119)
18.2  (0.0102889,-0.000227347)
18.25  (0.0101023,-0.000225405)
18.3  (0.00991943,-0.000223792)
18.35  (0.0097401,-0.000221794)
18.4  (0.00956378,-0.000218972)
18.45  (0.00938973,-0.000215449)
18.5  (0.00921756,-0.000211817)
18.55  (0.0090474,-0.000208747)
18.6  (0.00887985,-0.000206556)
18.65  (0.00871552,-0.000205017)
18.7  (0.00855465,-0.00020351)
18.75  (0.00839695,-0.00020141)
18.8  (0.00824178,-0.000198462)
18.85  (0.0080885,-0.000194926)
18.9  (0.00793682,-0.000191412)
18.95  (0.00778696,-0.000188526)
19  (0.00763949,-0.000186522)
19.05  (0.00749499,-0.000185173)
19.1  (0.0073537,-0.000183902)
19.15  (0.00721539,-0.000182105)
19.2  (0.0070795,-0.00017947)
19.25  (0.00694538,-0.000176137)
19.3  (0.00681265,-0.000172609)
19.35  (0.00668135,-0.000169496)
19.4  (0.0065519,-0.000167207)
19.45  (0.00642487,-0.000165753)
19.5  (0.0063007,-0.000164753)
19.55  (0.00617947,-0.000163624)
19.6  (0.00606085,-0.000161854)
19.65  (0.00594427,-0.00015924)
19.7  (0.00582916,-0.000155962)
19.75  (0.00571517,-0.000152504)
19.8  (0.00560235,-0.000149429)
19.85  (0.00549104,-0.000147143)
19.9  (0.00538179,-0.000145726)
19.95  (0.00527503,-0.000144913)
20  (0.00517097,-0.000144203)
20.05  (0.00506947,-0.00014307)
20.1  (0.00497008,-0.00014116)
20.15  (0.00487227,-0.000138426)
20.2  (0.00477555,-0.000135134)
20.25  (0.00467968,-0.000131757)
20.3  (0.00458473,-0.000128802)
20.35  (0.00449103,-0.00012663)
20.4  (0.00439906,-0.000125336)
20.45  (0.00430926,-0.00012473)
20.5  (0.00422186,-0.000124399)
20.55  (0.00413686,-0.000123857)
20.6  (0.00405398,-0.000122691)
20.65  (0.00397277,-0.000120694)
20.7  (0.00389273,-0.000117913)
20.75  (0.00381348,-0.000114635)
20.8  (0.00373481,-0.000111289)
20.85  (0.00365679,-0.000108327)
20.9  (0.00357968,-0.000106094)
20.95  (0.00350388,-0.000104741)
21  (0.00342981,-0.000104191)
21.05  (0.00335778,-0.000104169)
21.1  (0.00328793,-0.000104275)
21.15  (0.00322018,-0.000104086)
21.2  (0.00315428,-0.000103259)
21.25  (0.00308983,-0.00010161)
21.3  (0.00302641,-9.91422e-05)
21.35  (0.00296363,-9.60472e-05)
21.4  (0.00290125,-9.26498e-05)
21.45  (0.0028392,-8.93392e-05)
21.5  (0.00277756,-8.64846e-05)
21.55  (0.00271659,-8.43647e-05)
21.6  (0.00265661,-8.31159e-05)
21.65  (0.00259797,-8.27148e-05)
21.7  (0.00254099,-8.29866e-05)
21.75  (0.00248587,-8.36447e-05)
21.8  (0.00243266,-8.43427e-05)
21.85  (0.00238128,-8.47364e-05)
21.9  (0.00233154,-8.45374e-05)
21.95  (0.00228313,-8.35581e-05)
22  (0.0022357,-8.17326e-05)
22.05  (0.00218893,-7.91238e-05)
22.1  (0.00214251,-7.59055e-05)
22.15  (0.00209625,-7.23356e-05)
22.2  (0.00205005,-6.87151e-05)
22.25  (0.00200393,-6.53501e-05)
22.3  (0.001958,-6.25103e-05)
22.35  (0.00191247,-6.04016e-05)
22.4  (0.00186757,-5.91429e-05)
22.45  (0.00182359,-5.876e-05)
22.5  (0.00178078,-5.91854e-05)
22.55  (0.00173935,-6.02732e-05)
22.6  (0.00169946,-6.18153e-05)
22.65  (0.0016612,-6.35675e-05)
22.7  (0.00162458,-6.52717e-05)
22.75  (0.00158952,-6.66821e-05)
22.8  (0.00155588,-6.75823e-05)
22.85  (0.00152349,-6.78042e-05)
22.9  (0.00149212,-6.72347e-05)
22.95  (0.00146154,-6.58233e-05)
23  (0.0014315,-6.3579e-05)
23.05  (0.00140178,-6.0568e-05)
23.1  (0.0013722,-5.69025e-05)
23.15  (0.00134259,-5.27334e-05)
23.2  (0.00131283,-4.82357e-05)
23.25  (0.00128286,-4.35993e-05)
23.3  (0.00125266,-3.90155e-05)
23.35  (0.00122224,-3.46695e-05)
23.4  (0.00119166,-3.07294e-05)
23.45  (0.001161,-2.73431e-05)
23.5  (0.00113037,-2.46304e-05)
23.55  (0.0010999,-2.26838e-05)
23.6  (0.00106972,-2.1565e-05)
23.65  (0.00103998,-2.13079e-05)
23.7  (0.00101081,-2.19177e-05)
23.75  (0.000982344,-2.33767e-05)
23.8  (0.000954701,-2.56442e-05)
23.85  (0.000927992,-2.86634e-05)
23.9  (0.000902312,-3.23618e-05)
23.95  (0.000877738,-3.66579e-05)
24  (0.000854334,-4.14617e-05)
24.05  (0.00083215,-4.66803e-05)
24.1  (0.000811218,-5.22182e-05)
24.15  (0.000791559,-5.7982e-05)
24.2  (0.000773184,-6.38799e-05)
24.25  (0.00075609,-6.98253e-05)
24.3  (0.000740269,-7.57356e-05)
24.35  (0.000725704,-8.15357e-05)
24.4  (0.000712373,-8.71554e-05)
24.45  (0.000700252,-9.25325e-05)
24.5  (0.000689313,-9.76103e-05)
24.55  (0.000679527,-0.00010234)
24.6  (0.000670864,-0.000106677)
24.65  (0.000663296,-0.000110585)
24.7  (0.000656796,-0.000114031)
24.75  (0.000651341,-0.00011699)
24.8  (0.000646909,-0.000119439)
24.85  (0.000643481,-0.000121362)
24.9  (0.000641043,-0.000122744)
24.95  (0.000639585,-0.000123577)
