-25  (0,0)
-24.95  (0.000354683,-0.000163315)
-24.9  (0.000545731,-0.00012223)
-24.85  (0.000614221,-5.3683e-05)
-24.8  (0.000628695,-1.17269e-05)
-24.75  (0.000631102,3.93444e-06)
-24.7  (0.000637096,6.00512e-06)
-24.65  (0.00064874,3.94955e-06)
-24.6  (0.000663973,1.93611e-06)
-24.55  (0.000680772,9.07223e-07)
-24.5  (0.000698101,6.07512e-07)
-24.45  (0.000715654,6.27742e-07)
-24.4  (0.000733443,7.19803e-07)
-24.35  (0.000751551,7.92015e-07)
-24.3  (0.000770044,8.32878e-07)
-24.25  (0.000788953,8.54935e-07)
-24.2  (0.000808292,8.70253e-07)
-24.15  (0.000828069,8.84995e-07)
-24.1  (0.000848289,9.00998e-07)
-24.05  (0.00086896,9.18222e-07)
-24  (0.00089009,9.36211e-07)
-23.95  (0.000911688,9.54636e-07)
-23.9  (0.000933763,9.73357e-07)
-23.85  (0.000956325,9.92346e-07)
-23.8  (0.000979383,1.01162e-06)
-23.75  (0.00100295,1.03119e-06)
-23.7  (0.00102703,1.05107e-06)
-23.65  (0.00105163,1.07127e-06)
-23.6  (0.00107677,1.09179e-06)
-23.55  (0.00110246,1.11263e-06)
-23.5  (0.0011287,1.13381e-06)
-23.45  (0.00115551,1.15531e-06)
-23.4  (0.0011829,1.17715e-06)
-23.35  (0.00121087,1.19933e-06)
-23.3  (0.00123945,1.22185e-06)
-23.25  (0.00126864,1.24472e-06)
-23.2  (0.00129844,1.26793e-06)
-23.15  (0.00132889,1.2915e-06)
-23.1  (0.00135998,1.31543e-06)
-23.05  (0.00139172,1.33971e-06)
-23  (0.00142414,1.36436e-06)
-22.95  (0.00145724,1.38937e-06)
-22.9  (0.00149103,1.41475e-06)
-22.85  (0.00152553,1.44051e-06)
-22.8  (0.00156075,1.46664e-06)
-22.75  (0.0015967,1.49315e-06)
-22.7  (0.00163341,1.52005e-06)
-22.65  (0.00167087,1.54733e-06)
-22.6  (0.0017091,1.575e-06)
-22.55  (0.00174812,1.60307e-06)
-22.5  (0.00178795,1.63153e-06)
-22.45  (0.00182858,1.6604e-06)
-22.4  (0.00187005,1.68967e-06)
-22.35  (0.00191237,1.71934e-06)
-22.3  (0.00195554,1.74942e-06)
-22.25  (0.00199959,1.77992e-06)
-22.2  (0.00204453,1.81083e-06)
-22.15  (0.00209037,1.84217e-06)
-22.1  (0.00213714,1.87392e-06)
-22.05  (0.00218484,1.9061e-06)
-22  (0.00223349,1.93871e-06)
-21.95  (0.00228312,1.97175e-06)
-21.9  (0.00233373,2.00522e-06)
-21.85  (0.00238534,2.03913e-06)
-21.8  (0.00243797,2.07349e-06)
-21.75  (0.00249164,2.10828e-06)
-21.7  (0.00254637,2.14352e-06)
-21.65  (0.00260216,2.1792e-06)
-21.6  (0.00265905,2.21534e-06)
-21.55  (0.00271704,2.25193e-06)
-21.5  (0.00277616,2.28898e-06)
-21.45  (0.00283642,2.32648e-06)
-21.4  (0.00289784,2.36445e-06)
-21.35  (0.00296045,2.40288e-06)
-21.3  (0.00302426,2.44177e-06)
-21.25  (0.00308929,2.48113e-06)
-21.2  (0.00315556,2.52096e-06)
-21.15  (0.0032231,2.56126e-06)
-21.1  (0.00329191,2.60203e-06)
-21.05  (0.00336202,2.64328e-06)
-21  (0.00343346,2.685e-06)
-20.95  (0.00350623,2.72721e-06)
-20.9  (0.00358037,2.76989e-06)
-20.85  (0.0036559,2.81305e-06)
-20.8  (0.00373283,2.8567e-06)
-20.75  (0.00381119,2.90084e-06)
-20.7  (0.003891,2.94545e-06)
-20.65  (0.00397229,2.99056e-06)
-20.6  (0.00405507,3.03615e-06)
-20.55  (0.00413936,3.08223e-06)
-20.5  (0.0042252,3.1288e-06)
-20.45  (0.00431261,3.17587e-06)
-20.4  (0.0044016,3.22342e-06)
-20.35  (0.0044922,3.27146e-06)
-20.3  (0.00458444,3.32e-06)
-20.25  (0.00467833,3.36903e-06)
-20.2  (0.00477392,3.41855e-06)
-20.15  (0.00487121,3.46856e-06)
-20.1  (0.00497024,3.51907e-06)
-20.05  (0.00507102,3.57007e-06)
-20  (0.00517359,3.62156e-06)
-19.95  (0.00527797,3.67354e-06)
-19.9  (0.00538419,3.72601e-06)
-19.85  (0.00549227,3.77897e-06)
-19.8  (0.00560224,3.83242e-06)
-19.75  (0.00571413,3.88636e-06)
-19.7  (0.00582796,3.94079e-06)
-19.65  (0.00594376,3.99571e-06)
-19.6  (0.00606156,4.0511e-06)
-19.55  (0.00618138,4.10698e-06)
-19.5  (0.00630326,4.16334e-06)
-19.45  (0.00642722,4.22019e-06)
-19.4  (0.00655329,4.2775e-06)
-19.35  (0.0066815,4.3353e-06)
-19.3  (0.00681187,4.39356e-06)
-19.25  (0.00694445,4.4523e-06)
-19.2  (0.00707925,4.5115e-06)
-19.15  (0.0072163,4.57117e-06)
-19.1  (0.00735564,4.6313e-06)
-19.05  (0.00749729,4.69188e-06)
-19  (0.0076413,4.75292e-06)
-18.95  (0.00778767,4.81442e-06)
-18.9  (0.00793646,4.87636e-06)
-18.85  (0.00808768,4.93874e-06)
-18.8  (0.00824138,5.00156e-06)
-18.75  (0.00839757,5.06482e-06)
-18.7  (0.0085563,5.12851e-06)
-18.65  (0.00871759,5.19262e-06)
-18.6  (0.00888147,5.25716e-06)
-18.55  (0.00904799,5.32211e-06)
-18.5  (0.00921716,5.38747e-06)
-18.45  (0.00938903,5.45323e-06)
-18.4  (0.00956363,5.5194e-06)
-18.35  (0.00974099,5.58595e-06)
-18.3  (0.00992113,5.6529e-06)
-18.25  (0.0101041,5.72022e-06)
-18.2  (0.0102899,5.78792e-06)
-18.15  (0.0104787,5.85599e-06)
-18.1  (0.0106703,5.92441e-06)
-18.05  (0.010865,5.99319e-06)
-18  (0.0110626,6.06232e-06)
-17.95  (0.0112632,6.13178e-06)
-17.9  (0.0114669,6.20157e-06)
-17.85  (0.0116737,6.27169e-06)
-17.8  (0.0118837,6.34212e-06)
-17.75  (0.0120968,6.41285e-06)
-17.7  (0.0123131,6.48388e-06)
-17.65  (0.0125327,6.5552e-06)
-17.6  (0.0127556,6.62679e-06)
-17.55  (0.0129817,6.69866e-06)
-17.5  (0.0132112,6.77078e-06)
-17.45  (0.0134441,6.84315e-06)
-17.4  (0.0136804,6.91576e-06)
-17.35  (0.0139202,6.98859e-06)
-17.3  (0.0141635,7.06165e-06)
-17.25  (0.0144103,7.13491e-06)
-17.2  (0.0146607,7.20837e-06)
-17.15  (0.0149146,7.28201e-06)
-17.1  (0.0151722,7.35582e-06)
-17.05  (0.0154335,7.42979e-06)
-17  (0.0156985,7.50391e-06)
-16.95  (0.0159673,7.57817e-06)
-16.9  (0.0162398,7.65255e-06)
-16.85  (0.0165162,7.72703e-06)
-16.8  (0.0167964,7.80162e-06)
-16.75  (0.0170806,7.87629e-06)
-16.7  (0.0173687,7.95103e-06)
-16.65  (0.0176607,8.02582e-06)
-16.6  (0.0179568,8.10066e-06)
-16.55  (0.0182569,8.17553e-06)
-16.5  (0.0185611,8.2504e-06)
-16.45  (0.0188694,8.32528e-06)
-16.4  (0.0191819,8.40014e-06)
-16.35  (0.0194986,8.47496e-06)
-16.3  (0.0198195,8.54974e-06)
-16.25  (0.0201447,8.62445e-06)
-16.2  (0.0204742,8.69909e-06)
-16.15  (0.0208081,8.77362e-06)
-16.1  (0.0211464,8.84805e-06)
-16.05  (0.021489,8.92234e-06)
-16  (0.0218362,8.99648e-06)
-15.95  (0.0221878,9.07047e-06)
-15.9  (0.022544,9.14427e-06)
-15.85  (0.0229047,9.21787e-06)
-15.8  (0.0232701,9.29125e-06)
-15.75  (0.0236401,9.36439e-06)
-15.7  (0.0240147,9.43729e-06)
-15.65  (0.0243941,9.5099e-06)
-15.6  (0.0247783,9.58223e-06)
-15.55  (0.0251672,9.65424e-06)
-15.5  (0.025561,9.72593e-06)
-15.45  (0.0259596,9.79726e-06)
-15.4  (0.0263632,9.86822e-06)
-15.35  (0.0267716,9.9388e-06)
-15.3  (0.0271851,1.0009e-05)
-15.25  (0.0276035,1.00787e-05)
-15.2  (0.028027,1.0148e-05)
-15.15  (0.0284555,1.02168e-05)
-15.1  (0.0288892,1.02851e-05)
-15.05  (0.029328,1.03529e-05)
-15  (0.029772,1.04201e-05)
-14.95  (0.0302212,1.04868e-05)
-14.9  (0.0306756,1.0553e-05)
-14.85  (0.0311353,1.06185e-05)
-14.8  (0.0316003,1.06834e-05)
-14.75  (0.0320707,1.07476e-05)
-14.7  (0.0325464,1.08112e-05)
-14.65  (0.0330276,1.08741e-05)
-14.6  (0.0335141,1.09363e-05)
-14.55  (0.0340062,1.09977e-05)
-14.5  (0.0345037,1.10584e-05)
-14.45  (0.0350068,1.11183e-05)
-14.4  (0.0355154,1.11773e-05)
-14.35  (0.0360297,1.12356e-05)
-14.3  (0.0365495,1.1293e-05)
-14.25  (0.037075,1.13495e-05)
-14.2  (0.0376061,1.14051e-05)
-14.15  (0.038143,1.14598e-05)
-14.1  (0.0386856,1.15135e-05)
-14.05  (0.0392339,1.15663e-05)
-14  (0.0397881,1.1618e-05)
-13.95  (0.040348,1.16688e-05)
-13.9  (0.0409138,1.17184e-05)
-13.85  (0.0414854,1.1767e-05)
-13.8  (0.042063,1.18145e-05)
-13.75  (0.0426464,1.18609e-05)
-13.7  (0.0432357,1.19062e-05)
-13.65  (0.043831,1.19502e-05)
-13.6  (0.0444323,1.19931e-05)
-13.55  (0.0450396,1.20347e-05)
-13.5  (0.0456529,1.20751e-05)
-13.45  (0.0462722,1.21142e-05)
-13.4  (0.0468976,1.2152e-05)
-13.35  (0.0475291,1.21885e-05)
-13.3  (0.0481667,1.22236e-05)
-13.25  (0.0488103,1.22574e-05)
-13.2  (0.0494602,1.22897e-05)
-13.15  (0.0501161,1.23207e-05)
-13.1  (0.0507782,1.23502e-05)
-13.05  (0.0514465,1.23782e-05)
-13  (0.052121,1.24047e-05)
-12.95  (0.0528016,1.24296e-05)
-12.9  (0.0534885,1.24531e-05)
-12.85  (0.0541817,1.24749e-05)
-12.8  (0.054881,1.24952e-05)
-12.75  (0.0555866,1.25138e-05)
-12.7  (0.0562985,1.25308e-05)
-12.65  (0.0570166,1.25461e-05)
-12.6  (0.057741,1.25597e-05)
-12.55  (0.0584717,1.25716e-05)
-12.5  (0.0592086,1.25817e-05)
-12.45  (0.0599519,1.259e-05)
-12.4  (0.0607014,1.25966e-05)
-12.35  (0.0614573,1.26014e-05)
-12.3  (0.0622194,1.26043e-05)
-12.25  (0.0629879,1.26053e-05)
-12.2  (0.0637626,1.26044e-05)
-12.15  (0.0645437,1.26017e-05)
-12.1  (0.065331,1.2597e-05)
-12.05  (0.0661247,1.25903e-05)
-12  (0.0669247,1.25817e-05)
-11.95  (0.0677309,1.2571e-05)
-11.9  (0.0685434,1.25584e-05)
-11.85  (0.0693622,1.25436e-05)
-11.8  (0.0701873,1.25269e-05)
-11.75  (0.0710186,1.2508e-05)
-11.7  (0.0718562,1.2487e-05)
-11.65  (0.0727001,1.24639e-05)
-11.6  (0.0735501,1.24386e-05)
-11.55  (0.0744064,1.24112e-05)
-11.5  (0.0752689,1.23816e-05)
-11.45  (0.0761376,1.23497e-05)
-11.4  (0.0770125,1.23156e-05)
-11.35  (0.0778935,1.22793e-05)
-11.3  (0.0787806,1.22407e-05)
-11.25  (0.0796739,1.21999e-05)
-11.2  (0.0805733,1.21567e-05)
-11.15  (0.0814788,1.21112e-05)
-11.1  (0.0823903,1.20634e-05)
-11.05  (0.0833078,1.20132e-05)
-11  (0.0842314,1.19607e-05)
-10.95  (0.0851609,1.19057e-05)
-10.9  (0.0860964,1.18484e-05)
-10.85  (0.0870378,1.17886e-05)
-10.8  (0.0879851,1.17264e-05)
-10.75  (0.0889383,1.16618e-05)
-10.7  (0.0898973,1.15947e-05)
-10.65  (0.090862,1.15252e-05)
-10.6  (0.0918326,1.14532e-05)
-10.55  (0.0928089,1.13786e-05)
-10.5  (0.0937909,1.13016e-05)
-10.45  (0.0947785,1.1222e-05)
-10.4  (0.0957717,1.114e-05)
-10.35  (0.0967705,1.10553e-05)
-10.3  (0.0977748,1.09682e-05)
-10.25  (0.0987847,1.08784e-05)
-10.2  (0.0997999,1.07862e-05)
-10.15  (0.100821,1.06913e-05)
-10.1  (0.101847,1.05939e-05)
-10.05  (0.102878,1.04938e-05)
-10  (0.103914,1.03912e-05)
-9.95  (0.104956,1.0286e-05)
-9.9  (0.106003,1.01782e-05)
-9.85  (0.107055,1.00678e-05)
-9.8  (0.108112,9.95473e-06)
-9.75  (0.109174,9.83908e-06)
-9.7  (0.110241,9.72082e-06)
-9.65  (0.111313,9.59994e-06)
-9.6  (0.112389,9.47643e-06)
-9.55  (0.11347,9.35031e-06)
-9.5  (0.114556,9.22157e-06)
-9.45  (0.115647,9.09021e-06)
-9.4  (0.116742,8.95624e-06)
-9.35  (0.117842,8.81964e-06)
-9.3  (0.118946,8.68044e-06)
-9.25  (0.120054,8.53863e-06)
-9.2  (0.121167,8.39421e-06)
-9.15  (0.122284,8.2472e-06)
-9.1  (0.123404,8.09759e-06)
-9.05  (0.124529,7.94539e-06)
-9  (0.125658,7.79061e-06)
-8.95  (0.126791,7.63326e-06)
-8.9  (0.127928,7.47334e-06)
-8.85  (0.129068,7.31087e-06)
-8.8  (0.130212,7.14585e-06)
-8.75  (0.13136,6.97829e-06)
-8.7  (0.132511,6.80822e-06)
-8.65  (0.133666,6.63563e-06)
-8.6  (0.134824,6.46054e-06)
-8.55  (0.135985,6.28297e-06)
-8.5  (0.137149,6.10292e-06)
-8.45  (0.138316,5.92042e-06)
-8.4  (0.139486,5.73548e-06)
-8.35  (0.14066,5.54811e-06)
-8.3  (0.141835,5.35834e-06)
-8.25  (0.143014,5.16618e-06)
-8.2  (0.144195,4.97165e-06)
-8.15  (0.145379,4.77477e-06)
-8.1  (0.146565,4.57556e-06)
-8.05  (0.147753,4.37404e-06)
-8  (0.148944,4.17023e-06)
-7.95  (0.150136,3.96416e-06)
-7.9  (0.151331,3.75584e-06)
-7.85  (0.152527,3.54531e-06)
-7.8  (0.153725,3.33258e-06)
-7.75  (0.154925,3.11769e-06)
-7.7  (0.156127,2.90066e-06)
-7.65  (0.15733,2.68151e-06)
-7.6  (0.158534,2.46027e-06)
-7.55  (0.159739,2.23698e-06)
-7.5  (0.160946,2.01165e-06)
-7.45  (0.162153,1.78433e-06)
-7.4  (0.163362,1.55504e-06)
-7.35  (0.164571,1.32381e-06)
-7.3  (0.165781,1.09068e-06)
-7.25  (0.166991,8.55677e-07)
-7.2  (0.168202,6.18833e-07)
-7.15  (0.169413,3.80185e-07)
-7.1  (0.170625,1.39767e-07)
-7.05  (0.171836,-1.02385e-07)
-7  (0.173048,-3.46235e-07)
-6.95  (0.174259,-5.91745e-07)
-6.9  (0.17547,-8.38879e-07)
-6.85  (0.17668,-1.0876e-06)
-6.8  (0.17789,-1.33786e-06)
-6.75  (0.1791,-1.58963e-06)
-6.7  (0.180308,-1.84287e-06)
-6.65  (0.181516,-2.09753e-06)
-6.6  (0.182722,-2.35358e-06)
-6.55  (0.183928,-2.61096e-06)
-6.5  (0.185132,-2.86965e-06)
-6.45  (0.186334,-3.12959e-06)
-6.4  (0.187535,-3.39074e-06)
-6.35  (0.188735,-3.65305e-06)
-6.3  (0.189932,-3.91649e-06)
-6.25  (0.191128,-4.18101e-06)
-6.2  (0.192321,-4.44655e-06)
-6.15  (0.193513,-4.71308e-06)
-6.1  (0.194701,-4.98054e-06)
-6.05  (0.195888,-5.24889e-06)
-6  (0.197072,-5.51807e-06)
-5.95  (0.198253,-5.78805e-06)
-5.9  (0.199431,-6.05877e-06)
-5.85  (0.200606,-6.33017e-06)
-5.8  (0.201778,-6.60222e-06)
-5.75  (0.202946,-6.87486e-06)
-5.7  (0.204112,-7.14803e-06)
-5.65  (0.205273,-7.42169e-06)
-5.6  (0.206431,-7.69579e-06)
-5.55  (0.207585,-7.97027e-06)
-5.5  (0.208735,-8.24507e-06)
-5.45  (0.209881,-8.52015e-06)
-5.4  (0.211023,-8.79545e-06)
-5.35  (0.21216,-9.07093e-06)
-5.3  (0.213293,-9.34651e-06)
-5.25  (0.214421,-9.62215e-06)
-5.2  (0.215544,-9.8978e-06)
-5.15  (0.216663,-1.01734e-05)
-5.1  (0.217776,-1.04489e-05)
-5.05  (0.218884,-1.07242e-05)
-5  (0.219987,-1.09993e-05)
-4.95  (0.221084,-1.12741e-05)
-4.9  (0.222175,-1.15486e-05)
-4.85  (0.223261,-1.18228e-05)
-4.8  (0.224341,-1.20964e-05)
-4.75  (0.225415,-1.23696e-05)
-4.7  (0.226482,-1.26422e-05)
-4.65  (0.227544,-1.29142e-05)
-4.6  (0.228599,-1.31855e-05)
-4.55  (0.229647,-1.34561e-05)
-4.5  (0.230688,-1.37259e-05)
-4.45  (0.231723,-1.39948e-05)
-4.4  (0.232751,-1.42629e-05)
-4.35  (0.233771,-1.453e-05)
-4.3  (0.234784,-1.4796e-05)
-4.25  (0.23579,-1.5061e-05)
-4.2  (0.236789,-1.53249e-05)
-4.15  (0.237779,-1.55875e-05)
-4.1  (0.238762,-1.58489e-05)
-4.05  (0.239737,-1.6109e-05)
-4  (0.240704,-1.63677e-05)
-3.95  (0.241663,-1.66251e-05)
-3.9  (0.242613,-1.68809e-05)
-3.85  (0.243555,-1.71352e-05)
-3.8  (0.244488,-1.73879e-05)
-3.75  (0.245413,-1.76389e-05)
-3.7  (0.246329,-1.78883e-05)
-3.65  (0.247236,-1.81358e-05)
-3.6  (0.248134,-1.83816e-05)
-3.55  (0.249022,-1.86255e-05)
-3.5  (0.249902,-1.88674e-05)
-3.45  (0.250772,-1.91074e-05)
-3.4  (0.251632,-1.93453e-05)
-3.35  (0.252483,-1.95811e-05)
-3.3  (0.253324,-1.98148e-05)
-3.25  (0.254154,-2.00462e-05)
-3.2  (0.254975,-2.02755e-05)
-3.15  (0.255786,-2.05024e-05)
-3.1  (0.256587,-2.07269e-05)
-3.05  (0.257377,-2.0949e-05)
-3  (0.258157,-2.11687e-05)
-2.95  (0.258926,-2.13858e-05)
-2.9  (0.259684,-2.16003e-05)
-2.85  (0.260432,-2.18123e-05)
-2.8  (0.261169,-2.20215e-05)
-2.75  (0.261895,-2.22281e-05)
-2.7  (0.262609,-2.24319e-05)
-2.65  (0.263313,-2.26328e-05)
-2.6  (0.264005,-2.28309e-05)
-2.55  (0.264686,-2.30261e-05)
-2.5  (0.265355,-2.32183e-05)
-2.45  (0.266012,-2.34075e-05)
-2.4  (0.266658,-2.35937e-05)
-2.35  (0.267292,-2.37767e-05)
-2.3  (0.267914,-2.39566e-05)
-2.25  (0.268525,-2.41334e-05)
-2.2  (0.269123,-2.43069e-05)
-2.15  (0.269709,-2.44771e-05)
-2.1  (0.270282,-2.46441e-05)
-2.05  (0.270844,-2.48077e-05)
-2  (0.271393,-2.49679e-05)
-1.95  (0.271929,-2.51246e-05)
-1.9  (0.272453,-2.52779e-05)
-1.85  (0.272965,-2.54277e-05)
-1.8  (0.273463,-2.5574e-05)
-1.75  (0.273949,-2.57167e-05)
-1.7  (0.274422,-2.58557e-05)
-1.65  (0.274882,-2.59912e-05)
-1.6  (0.275329,-2.61229e-05)
-1.55  (0.275763,-2.6251e-05)
-1.5  (0.276184,-2.63753e-05)
-1.45  (0.276592,-2.64958e-05)
-1.4  (0.276986,-2.66125e-05)
-1.35  (0.277367,-2.67254e-05)
-1.3  (0.277735,-2.68344e-05)
-1.25  (0.278089,-2.69396e-05)
-1.2  (0.27843,-2.70408e-05)
-1.15  (0.278758,-2.71381e-05)
-1.1  (0.279071,-2.72314e-05)
-1.05  (0.279371,-2.73208e-05)
-1  (0.279658,-2.74061e-05)
-0.95  (0.279931,-2.74875e-05)
-0.9  (0.28019,-2.75647e-05)
-0.85  (0.280435,-2.76379e-05)
-0.8  (0.280667,-2.77071e-05)
-0.75  (0.280884,-2.77721e-05)
-0.7  (0.281088,-2.7833e-05)
-0.65  (0.281278,-2.78897e-05)
-0.6  (0.281454,-2.79424e-05)
-0.55  (0.281615,-2.79908e-05)
-0.5  (0.281763,-2.80351e-05)
-0.45  (0.281897,-2.80752e-05)
-0.4  (0.282017,-2.81111e-05)
-0.35  (0.282123,-2.81428e-05)
-0.3  (0.282214,-2.81703e-05)
-0.25  (0.282292,-2.81936e-05)
-0.2  (0.282356,-2.82126e-05)
-0.15  (0.282405,-2.82274e-05)
-0.1  (0.28244,-2.8238e-05)
-0.05  (0.282462,-2.82444e-05)
0  (0.282469,-2.82465e-05)
0.05  (0.282462,-2.82444e-05)
0.1  (0.28244,-2.8238e-05)
0.15  (0.282405,-2.82274e-05)
0.2  (0.282356,-2.82126e-05)
0.25  (0.282292,-2.81936e-05)
0.3  (0.282214,-2.81703e-05)
0.35  (0.282123,-2.81428e-05)
0.4  (0.282017,-2.81111e-05)
0.45  (0.281897,-2.80752e-05)
0.5  (0.281763,-2.80351e-05)
0.55  (0.281615,-2.79908e-05)
0.6  (0.281454,-2.79424e-05)
0.65  (0.281278,-2.78897e-05)
0.7  (0.281088,-2.7833e-05)
0.75  (0.280884,-2.77721e-05)
0.8  (0.280667,-2.77071e-05)
0.85  (0.280435,-2.76379e-05)
0.9  (0.28019,-2.75647e-05)
0.95  (0.279931,-2.74875e-05)
1  (0.279658,-2.74061e-05)
1.05  (0.279371,-2.73208e-05)
1.1  (0.279071,-2.72314e-05)
1.15  (0.278758,-2.71381e-05)
1.2  (0.27843,-2.70408e-05)
1.25  (0.278089,-2.69396e-05)
1.3  (0.277735,-2.68344e-05)
1.35  (0.277367,-2.67254e-05)
1.4  (0.276986,-2.66125e-05)
1.45  (0.276592,-2.64958e-05)
1.5  (0.276184,-2.63753e-05)
1.55  (0.275763,-2.6251e-05)
1.6  (0.275329,-2.61229e-05)
1.65  (0.274882,-2.59912e-05)
1.7  (0.274422,-2.58557e-05)
1.75  (0.273949,-2.57167e-05)
1.8  (0.273463,-2.5574e-05)
1.85  (0.272965,-2.54277e-05)
1.9  (0.272453,-2.52779e-05)
1.95  (0.271929,-2.51246e-05)
2  (0.271393,-2.49679e-05)
2.05  (0.270844,-2.48077e-05)
2.1  (0.270282,-2.46441e-05)
2.15  (0.269709,-2.44771e-05)
2.2  (0.269123,-2.43069e-05)
2.25  (0.268525,-2.41334e-05)
2.3  (0.267914,-2.39566e-05)
2.35  (0.267292,-2.37767e-05)
2.4  (0.266658,-2.35937e-05)
2.45  (0.266012,-2.34075e-05)
2.5  (0.265355,-2.32183e-05)
2.55  (0.264686,-2.30261e-05)
2.6  (0.264005,-2.28309e-05)
2.65  (0.263313,-2.26328e-05)
2.7  (0.262609,-2.24319e-05)
2.75  (0.261895,-2.22281e-05)
2.8  (0.261169,-2.20215e-05)
2.85  (0.260432,-2.18123e-05)
2.9  (0.259684,-2.16003e-05)
2.95  (0.258926,-2.13858e-05)
3  (0.258157,-2.11687e-05)
3.05  (0.257377,-2.0949e-05)
3.1  (0.256587,-2.07269e-05)
3.15  (0.255786,-2.05024e-05)
3.2  (0.254975,-2.02755e-05)
3.25  (0.254154,-2.00462e-05)
3.3  (0.253324,-1.98148e-05)
3.35  (0.252483,-1.95811e-05)
3.4  (0.251632,-1.93453e-05)
3.45  (0.250772,-1.91074e-05)
3.5  (0.249902,-1.88674e-05)
3.55  (0.249022,-1.86255e-05)
3.6  (0.248134,-1.83816e-05)
3.65  (0.247236,-1.81358e-05)
3.7  (0.246329,-1.78883e-05)
3.75  (0.245413,-1.76389e-05)
3.8  (0.244488,-1.73879e-05)
3.85  (0.243555,-1.71352e-05)
3.9  (0.242613,-1.68809e-05)
3.95  (0.241663,-1.66251e-05)
4  (0.240704,-1.63677e-05)
4.05  (0.239737,-1.6109e-05)
4.1  (0.238762,-1.58489e-05)
4.15  (0.237779,-1.55875e-05)
4.2  (0.236789,-1.53249e-05)
4.25  (0.23579,-1.5061e-05)
4.3  (0.234784,-1.4796e-05)
4.35  (0.233771,-1.453e-05)
4.4  (0.232751,-1.42629e-05)
4.45  (0.231723,-1.39948e-05)
4.5  (0.230688,-1.37259e-05)
4.55  (0.229647,-1.34561e-05)
4.6  (0.228599,-1.31855e-05)
4.65  (0.227544,-1.29142e-05)
4.7  (0.226482,-1.26422e-05)
4.75  (0.225415,-1.23696e-05)
4.8  (0.224341,-1.20964e-05)
4.85  (0.223261,-1.18228e-05)
4.9  (0.222175,-1.15486e-05)
4.95  (0.221084,-1.12741e-05)
5  (0.219987,-1.09993e-05)
5.05  (0.218884,-1.07242e-05)
5.1  (0.217776,-1.04489e-05)
5.15  (0.216663,-1.01734e-05)
5.2  (0.215544,-9.8978e-06)
5.25  (0.214421,-9.62215e-06)
5.3  (0.213293,-9.34651e-06)
5.35  (0.21216,-9.07093e-06)
5.4  (0.211023,-8.79545e-06)
5.45  (0.209881,-8.52015e-06)
5.5  (0.208735,-8.24507e-06)
5.55  (0.207585,-7.97027e-06)
5.6  (0.206431,-7.69579e-06)
5.65  (0.205273,-7.42169e-06)
5.7  (0.204112,-7.14803e-06)
5.75  (0.202946,-6.87486e-06)
5.8  (0.201778,-6.60222e-06)
5.85  (0.200606,-6.33017e-06)
5.9  (0.199431,-6.05877e-06)
5.95  (0.198253,-5.78805e-06)
6  (0.197072,-5.51807e-06)
6.05  (0.195888,-5.24889e-06)
6.1  (0.194701,-4.98054e-06)
6.15  (0.193513,-4.71308e-06)
6.2  (0.192321,-4.44655e-06)
6.25  (0.191128,-4.18101e-06)
6.3  (0.189932,-3.91649e-06)
6.35  (0.188735,-3.65305e-06)
6.4  (0.187535,-3.39074e-06)
6.45  (0.186334,-3.12959e-06)
6.5  (0.185132,-2.86965e-06)
6.55  (0.183928,-2.61096e-06)
6.6  (0.182722,-2.35358e-06)
6.65  (0.181516,-2.09753e-06)
6.7  (0.180308,-1.84287e-06)
6.75  (0.1791,-1.58963e-06)
6.8  (0.17789,-1.33786e-06)
6.85  (0.17668,-1.0876e-06)
6.9  (0.17547,-8.38879e-07)
6.95  (0.174259,-5.91745e-07)
7  (0.173048,-3.46235e-07)
7.05  (0.171836,-1.02385e-07)
7.1  (0.170625,1.39767e-07)
7.15  (0.169413,3.80185e-07)
7.2  (0.168202,6.18833e-07)
7.25  (0.166991,8.55677e-07)
7.3  (0.165781,1.09068e-06)
7.35  (0.164571,1.32381e-06)
7.4  (0.163362,1.55504e-06)
7.45  (0.162153,1.78433e-06)
7.5  (0.160946,2.01165e-06)
7.55  (0.159739,2.23698e-06)
7.6  (0.158534,2.46027e-06)
7.65  (0.15733,2.68151e-06)
7.7  (0.156127,2.90066e-06)
7.75  (0.154925,3.11769e-06)
7.8  (0.153725,3.33258e-06)
7.85  (0.152527,3.54531e-06)
7.9  (0.151331,3.75584e-06)
7.95  (0.150136,3.96416e-06)
8  (0.148944,4.17023e-06)
8.05  (0.147753,4.37404e-06)
8.1  (0.146565,4.57556e-06)
8.15  (0.145379,4.77477e-06)
8.2  (0.144195,4.97165e-06)
8.25  (0.143014,5.16618e-06)
8.3  (0.141835,5.35834e-06)
8.35  (0.14066,5.54811e-06)
8.4  (0.139486,5.73548e-06)
8.45  (0.138316,5.92042e-06)
8.5  (0.137149,6.10292e-06)
8.55  (0.135985,6.28297e-06)
8.6  (0.134824,6.46054e-06)
8.65  (0.133666,6.63563e-06)
8.7  (0.132511,6.80822e-06)
8.75  (0.13136,6.97829e-06)
8.8  (0.130212,7.14585e-06)
8.85  (0.129068,7.31087e-06)
8.9  (0.127928,7.47334e-06)
8.95  (0.126791,7.63326e-06)
9  (0.125658,7.79061e-06)
9.05  (0.124529,7.94539e-06)
9.1  (0.123404,8.09759e-06)
9.15  (0.122284,8.2472e-06)
9.2  (0.121167,8.39421e-06)
9.25  (0.120054,8.53863e-06)
9.3  (0.118946,8.68044e-06)
9.35  (0.117842,8.81964e-06)
9.4  (0.116742,8.95624e-06)
9.45  (0.115647,9.09021e-06)
9.5  (0.114556,9.22157e-06)
9.55  (0.11347,9.35031e-06)
9.6  (0.112389,9.47643e-06)
9.65  (0.111313,9.59994e-06)
9.7  (0.110241,9.72082e-06)
9.75  (0.109174,9.83908e-06)
9.8  (0.108112,9.95473e-06)
9.85  (0.107055,1.00678e-05)
9.9  (0.106003,1.01782e-05)
9.95  (0.104956,1.0286e-05)
10  (0.103914,1.03912e-05)
10.05  (0.102878,1.04938e-05)
10.1  (0.101847,1.05939e-05)
10.15  (0.100821,1.06913e-05)
10.2  (0.0997999,1.07862e-05)
10.25  (0.0987847,1.08784e-05)
10.3  (0.0977748,1.09682e-05)
10.35  (0.0967705,1.10553e-05)
10.4  (0.0957717,1.114e-05)
10.45  (0.0947785,1.1222e-05)
10.5  (0.0937909,1.13016e-05)
10.55  (0.0928089,1.13786e-05)
10.6  (0.0918326,1.14532e-05)
10.65  (0.090862,1.15252e-05)
10.7  (0.0898973,1.15947e-05)
10.75  (0.0889383,1.16618e-05)
10.8  (0.0879851,1.17264e-05)
10.85  (0.0870378,1.17886e-05)
10.9  (0.0860964,1.18484e-05)
10.95  (0.0851609,1.19057e-05)
11  (0.0842314,1.19607e-05)
11.05  (0.0833078,1.20132e-05)
11.1  (0.0823903,1.20634e-05)
11.15  (0.0814788,1.21112e-05)
11.2  (0.0805733,1.21567e-05)
11.25  (0.0796739,1.21999e-05)
11.3  (0.0787806,1.22407e-05)
11.35  (0.0778935,1.22793e-05)
11.4  (0.0770125,1.23156e-05)
11.45  (0.0761376,1.23497e-05)
11.5  (0.0752689,1.23816e-05)
11.55  (0.0744064,1.24112e-05)
11.6  (0.0735501,1.24386e-05)
11.65  (0.0727001,1.24639e-05)
11.7  (0.0718562,1.2487e-05)
11.75  (0.0710186,1.2508e-05)
11.8  (0.0701873,1.25269e-05)
11.85  (0.0693622,1.25436e-05)
11.9  (0.0685434,1.25584e-05)
11.95  (0.0677309,1.2571e-05)
12  (0.0669247,1.25817e-05)
12.05  (0.0661247,1.25903e-05)
12.1  (0.065331,1.2597e-05)
12.15  (0.0645437,1.26017e-05)
12.2  (0.0637626,1.26044e-05)
12.25  (0.0629879,1.26053e-05)
12.3  (0.0622194,1.26043e-05)
12.35  (0.0614573,1.26014e-05)
12.4  (0.0607014,1.25966e-05)
12.45  (0.0599519,1.259e-05)
12.5  (0.0592086,1.25817e-05)
12.55  (0.0584717,1.25716e-05)
12.6  (0.057741,1.25597e-05)
12.65  (0.0570166,1.25461e-05)
12.7  (0.0562985,1.25308e-05)
12.75  (0.0555866,1.25138e-05)
12.8  (0.054881,1.24952e-05)
12.85  (0.0541817,1.24749e-05)
12.9  (0.0534885,1.24531e-05)
12.95  (0.0528016,1.24296e-05)
13  (0.052121,1.24047e-05)
13.05  (0.0514465,1.23782e-05)
13.1  (0.0507782,1.23502e-05)
13.15  (0.0501161,1.23207e-05)
13.2  (0.0494602,1.22897e-05)
13.25  (0.0488103,1.22574e-05)
13.3  (0.0481667,1.22236e-05)
13.35  (0.0475291,1.21885e-05)
13.4  (0.0468976,1.2152e-05)
13.45  (0.0462722,1.21142e-05)
13.5  (0.0456529,1.20751e-05)
13.55  (0.0450396,1.20347e-05)
13.6  (0.0444323,1.19931e-05)
13.65  (0.043831,1.19502e-05)
13.7  (0.0432357,1.19062e-05)
13.75  (0.0426464,1.18609e-05)
13.8  (0.042063,1.18145e-05)
13.85  (0.0414854,1.1767e-05)
13.9  (0.0409138,1.17184e-05)
13.95  (0.040348,1.16688e-05)
14  (0.0397881,1.1618e-05)
14.05  (0.0392339,1.15663e-05)
14.1  (0.0386856,1.15135e-05)
14.15  (0.038143,1.14598e-05)
14.2  (0.0376061,1.14051e-05)
14.25  (0.037075,1.13495e-05)
14.3  (0.0365495,1.1293e-05)
14.35  (0.0360297,1.12356e-05)
14.4  (0.0355154,1.11773e-05)
14.45  (0.0350068,1.11183e-05)
14.5  (0.0345037,1.10584e-05)
14.55  (0.0340062,1.09977e-05)
14.6  (0.0335141,1.09363e-05)
14.65  (0.0330276,1.08741e-05)
14.7  (0.0325464,1.08112e-05)
14.75  (0.0320707,1.07476e-05)
14.8  (0.0316003,1.06834e-05)
14.85  (0.0311353,1.06185e-05)
14.9  (0.0306756,1.0553e-05)
14.95  (0.0302212,1.04868e-05)
15  (0.029772,1.04201e-05)
15.05  (0.029328,1.03529e-05)
15.1  (0.0288892,1.02851e-05)
15.15  (0.0284555,1.02168e-05)
15.2  (0.028027,1.0148e-05)
15.25  (0.0276035,1.00787e-05)
15.3  (0.0271851,1.0009e-05)
15.35  (0.0267716,9.9388e-06)
15.4  (0.0263632,9.86822e-06)
15.45  (0.0259596,9.79726e-06)
15.5  (0.025561,9.72593e-06)
15.55  (0.0251672,9.65424e-06)
15.6  (0.0247783,9.58223e-06)
15.65  (0.0243941,9.5099e-06)
15.7  (0.0240147,9.43729e-06)
15.75  (0.0236401,9.36439e-06)
15.8  (0.0232701,9.29125e-06)
15.85  (0.0229047,9.21787e-06)
15.9  (0.022544,9.14427e-06)
15.95  (0.0221878,9.07047e-06)
16  (0.0218362,8.99648e-06)
16.05  (0.021489,8.92234e-06)
16.1  (0.0211464,8.84805e-06)
16.15  (0.0208081,8.77362e-06)
16.2  (0.0204742,8.69909e-06)
16.25  (0.0201447,8.62445e-06)
16.3  (0.0198195,8.54974e-06)
16.35  (0.0194986,8.47496e-06)
16.4  (0.0191819,8.40014e-06)
16.45  (0.0188694,8.32528e-06)
16.5  (0.0185611,8.2504e-06)
16.55  (0.0182569,8.17553e-06)
16.6  (0.0179568,8.10066e-06)
16.65  (0.0176607,8.02582e-06)
16.7  (0.0173687,7.95103e-06)
16.75  (0.0170806,7.87629e-06)
16.8  (0.0167964,7.80162e-06)
16.85  (0.0165162,7.72703e-06)
16.9  (0.0162398,7.65255e-06)
16.95  (0.0159673,7.57817e-06)
17  (0.0156985,7.50391e-06)
17.05  (0.0154335,7.42979e-06)
17.1  (0.0151722,7.35582e-06)
17.15  (0.0149146,7.28201e-06)
17.2  (0.0146607,7.20837e-06)
17.25  (0.0144103,7.13491e-06)
17.3  (0.0141635,7.06165e-06)
17.35  (0.0139202,6.98859e-06)
17.4  (0.0136804,6.91576e-06)
17.45  (0.0134441,6.84315e-06)
17.5  (0.0132112,6.77078e-06)
17.55  (0.0129817,6.69866e-06)
17.6  (0.0127556,6.62679e-06)
17.65  (0.0125327,6.5552e-06)
17.7  (0.0123131,6.48388e-06)
17.75  (0.0120968,6.41285e-06)
17.8  (0.0118837,6.34212e-06)
17.85  (0.0116737,6.27169e-06)
17.9  (0.0114669,6.20157e-06)
17.95  (0.0112632,6.13178e-06)
18  (0.0110626,6.06232e-06)
18.05  (0.010865,5.99319e-06)
18.1  (0.0106703,5.92441e-06)
18.15  (0.0104787,5.85599e-06)
18.2  (0.0102899,5.78792e-06)
18.25  (0.0101041,5.72022e-06)
18.3  (0.00992113,5.6529e-06)
18.35  (0.00974099,5.58595e-06)
18.4  (0.00956363,5.5194e-06)
18.45  (0.00938903,5.45323e-06)
18.5  (0.00921716,5.38747e-06)
18.55  (0.00904799,5.32211e-06)
18.6  (0.00888147,5.25716e-06)
18.65  (0.00871759,5.19262e-06)
18.7  (0.0085563,5.12851e-06)
18.75  (0.00839757,5.06482e-06)
18.8  (0.00824138,5.00156e-06)
18.85  (0.00808768,4.93874e-06)
18.9  (0.00793646,4.87636e-06)
18.95  (0.00778767,4.81442e-06)
19  (0.0076413,4.75292e-06)
19.05  (0.00749729,4.69188e-06)
19.1  (0.00735564,4.6313e-06)
19.15  (0.0072163,4.57117e-06)
19.2  (0.00707925,4.5115e-06)
19.25  (0.00694445,4.4523e-06)
19.3  (0.00681187,4.39356e-06)
19.35  (0.0066815,4.3353e-06)
19.4  (0.00655329,4.2775e-06)
19.45  (0.00642722,4.22019e-06)
19.5  (0.00630326,4.16334e-06)
19.55  (0.00618138,4.10698e-06)
19.6  (0.00606156,4.0511e-06)
19.65  (0.00594376,3.99571e-06)
19.7  (0.00582796,3.94079e-06)
19.75  (0.00571413,3.88636e-06)
19.8  (0.00560224,3.83242e-06)
19.85  (0.00549227,3.77897e-06)
19.9  (0.00538419,3.72601e-06)
19.95  (0.00527797,3.67354e-06)
20  (0.00517359,3.62156e-06)
20.05  (0.00507102,3.57007e-06)
20.1  (0.00497024,3.51907e-06)
20.15  (0.00487121,3.46856e-06)
20.2  (0.00477392,3.41855e-06)
20.25  (0.00467833,3.36903e-06)
20.3  (0.00458444,3.32e-06)
20.35  (0.0044922,3.27146e-06)
20.4  (0.0044016,3.22342e-06)
20.45  (0.00431261,3.17587e-06)
20.5  (0.0042252,3.1288e-06)
20.55  (0.00413936,3.08223e-06)
20.6  (0.00405507,3.03615e-06)
20.65  (0.00397229,2.99056e-06)
20.7  (0.003891,2.94545e-06)
20.75  (0.00381119,2.90084e-06)
20.8  (0.00373283,2.8567e-06)
20.85  (0.0036559,2.81305e-06)
20.9  (0.00358037,2.76989e-06)
20.95  (0.00350623,2.72721e-06)
21  (0.00343346,2.685e-06)
21.05  (0.00336202,2.64328e-06)
21.1  (0.00329191,2.60203e-06)
21.15  (0.0032231,2.56126e-06)
21.2  (0.00315556,2.52096e-06)
21.25  (0.00308929,2.48113e-06)
21.3  (0.00302426,2.44177e-06)
21.35  (0.00296045,2.40288e-06)
21.4  (0.00289784,2.36445e-06)
21.45  (0.00283642,2.32648e-06)
21.5  (0.00277616,2.28898e-06)
21.55  (0.00271704,2.25193e-06)
21.6  (0.00265905,2.21534e-06)
21.65  (0.00260216,2.1792e-06)
21.7  (0.00254637,2.14352e-06)
21.75  (0.00249164,2.10828e-06)
21.8  (0.00243797,2.07349e-06)
21.85  (0.00238534,2.03913e-06)
21.9  (0.00233373,2.00522e-06)
21.95  (0.00228312,1.97175e-06)
22  (0.00223349,1.93871e-06)
22.05  (0.00218484,1.9061e-06)
22.1  (0.00213714,1.87392e-06)
22.15  (0.00209037,1.84217e-06)
22.2  (0.00204453,1.81083e-06)
22.25  (0.00199959,1.77992e-06)
22.3  (0.00195554,1.74942e-06)
22.35  (0.00191237,1.71934e-06)
22.4  (0.00187005,1.68967e-06)
22.45  (0.00182858,1.6604e-06)
22.5  (0.00178795,1.63153e-06)
22.55  (0.00174812,1.60307e-06)
22.6  (0.0017091,1.575e-06)
22.65  (0.00167087,1.54733e-06)
22.7  (0.00163341,1.52005e-06)
22.75  (0.0015967,1.49315e-06)
22.8  (0.00156075,1.46664e-06)
22.85  (0.00152553,1.44051e-06)
22.9  (0.00149103,1.41475e-06)
22.95  (0.00145724,1.38937e-06)
23  (0.00142414,1.36436e-06)
23.05  (0.00139172,1.33971e-06)
23.1  (0.00135998,1.31543e-06)
23.15  (0.00132889,1.2915e-06)
23.2  (0.00129844,1.26793e-06)
23.25  (0.00126864,1.24472e-06)
23.3  (0.00123945,1.22185e-06)
23.35  (0.00121087,1.19933e-06)
23.4  (0.0011829,1.17715e-06)
23.45  (0.00115551,1.15531e-06)
23.5  (0.0011287,1.13381e-06)
23.55  (0.00110246,1.11263e-06)
23.6  (0.00107677,1.09179e-06)
23.65  (0.00105163,1.07127e-06)
23.7  (0.00102703,1.05107e-06)
23.75  (0.00100295,1.03119e-06)
23.8  (0.000979383,1.01162e-06)
23.85  (0.000956325,9.92347e-07)
23.9  (0.000933763,9.73358e-07)
23.95  (0.000911688,9.54639e-07)
24  (0.00089009,9.36215e-07)
24.05  (0.00086896,9.18225e-07)
24.1  (0.000848289,9.00988e-07)
24.15  (0.000828069,8.84947e-07)
24.2  (0.000808292,8.70144e-07)
24.25  (0.000788952,8.54785e-07)
24.3  (0.000770043,8.32867e-07)
24.35  (0.00075155,7.92624e-07)
24.4  (0.000733442,7.21831e-07)
24.45  (0.000715656,6.31696e-07)
24.5  (0.00069811,6.11577e-07)
24.55  (0.00068079,9.03311e-07)
24.6  (0.000663997,1.90579e-06)
24.65  (0.000648741,3.86796e-06)
24.7  (0.000636991,5.8713e-06)
24.75  (0.000630758,3.85291e-06)
24.8  (0.000628031,-1.14124e-05)
24.85  (0.00061355,-5.23078e-05)
24.9  (0.000546429,-0.000119123)
24.95  (0.000359857,-0.000159175)
