7.649061e-02 2.222132e-272
1.755779e-01 2.629566e-271
2.752503e-01 3.141846e-270
3.750549e-01 3.747597e-269
4.749097e-01 4.453461e-268
5.747887e-01 5.269112e-267
6.746814e-01 6.205209e-266
7.745823e-01 7.272733e-265
8.744887e-01 8.482622e-264
9.743990e-01 9.845454e-263
1.074312e+00 1.137112e-261
1.174227e+00 1.306847e-260
1.274144e+00 1.494497e-259
1.374062e+00 1.700632e-258
1.473980e+00 1.925608e-257
1.573900e+00 2.169532e-256
1.673820e+00 2.432220e-255
1.773741e+00 2.713173e-254
1.873662e+00 3.011540e-253
1.973584e+00 3.326104e-252
2.073506e+00 3.655262e-251
2.173428e+00 3.997014e-250
2.273351e+00 4.348984e-249
2.373273e+00 4.708405e-248
2.473196e+00 5.072168e-247
2.573119e+00 5.436845e-246
2.673043e+00 5.798742e-245
2.772966e+00 6.153948e-244
2.872889e+00 6.498408e-243
2.972813e+00 6.827991e-242
3.072737e+00 7.138579e-241
3.172660e+00 7.426144e-240
3.272584e+00 7.686810e-239
3.372508e+00 7.917062e-238
3.472432e+00 8.113603e-237
3.572356e+00 8.273614e-236
3.672280e+00 8.394766e-235
3.772204e+00 8.475337e-234
3.872128e+00 8.514006e-233
3.972053e+00 8.510321e-232
4.071977e+00 8.464275e-231
4.171901e+00 8.376554e-230
4.271826e+00 8.248459e-229
4.371750e+00 8.081874e-228
4.471674e+00 7.879218e-227
4.571599e+00 7.643390e-226
4.671523e+00 7.377748e-225
4.771448e+00 7.085823e-224
4.871372e+00 6.771607e-223
4.971297e+00 6.439051e-222
5.071221e+00 6.092379e-221
5.171146e+00 5.735664e-220
5.271071e+00 5.372944e-219
5.370995e+00 5.008097e-218
5.470920e+00 4.644745e-217
5.570844e+00 4.286333e-216
5.670769e+00 3.935879e-215
5.770694e+00 3.596080e-214
5.870619e+00 3.269278e-213
5.970543e+00 2.957352e-212
6.070468e+00 2.661865e-211
6.170393e+00 2.383970e-210
6.270317e+00 2.124455e-209
6.370242e+00 1.883774e-208
6.470167e+00 1.662031e-207
6.570092e+00 1.459087e-206
6.670016e+00 1.274553e-205
6.769941e+00 1.107805e-204
6.869866e+00 9.580780e-204
6.969791e+00 8.244665e-203
7.069715e+00 7.059501e-202
7.169640e+00 6.014641e-201
7.269565e+00 5.098874e-200
7.369490e+00 4.301041e-199
7.469415e+00 3.609955e-198
7.569340e+00 3.014843e-197
7.669264e+00 2.505281e-196
7.769189e+00 2.071490e-195
7.869114e+00 1.704281e-194
7.969039e+00 1.395174e-193
8.068964e+00 1.136449e-192
8.168889e+00 9.210935e-192
8.268813e+00 7.428245e-191
8.368738e+00 5.960784e-190
8.468663e+00 4.759402e-189
8.568588e+00 3.781205e-188
8.668513e+00 2.989116e-187
8.768438e+00 2.351187e-186
8.868363e+00 1.840193e-185
8.968288e+00 1.433073e-184
9.068213e+00 1.110473e-183
9.168138e+00 8.562085e-183
9.268063e+00 6.568751e-182
9.367988e+00 5.014387e-181
9.467912e+00 3.808745e-180
9.567837e+00 2.878595e-179
9.667762e+00 2.164766e-178
9.767687e+00 1.619844e-177
9.867612e+00 1.206055e-176
9.967537e+00 8.934965e-176
1.006746e+01 6.586393e-175
1.016739e+01 4.830999e-174
1.026731e+01 3.525804e-173
1.036724e+01 2.560419e-172
1.046716e+01 1.850102e-171
1.056709e+01 1.330185e-170
1.066701e+01 9.516132e-170
1.076694e+01 6.773927e-169
1.086686e+01 4.797913e-168
1.096679e+01 3.381396e-167
1.106671e+01 2.371218e-166
1.116664e+01 1.654545e-165
1.126656e+01 1.148722e-164
1.136649e+01 7.935708e-164
1.146641e+01 5.454918e-163
1.156634e+01 3.730977e-162
1.166626e+01 2.539152e-161
1.176619e+01 1.719438e-160
1.186611e+01 1.158554e-159
1.196604e+01 7.767437e-159
1.206596e+01 5.181685e-158
1.216589e+01 3.439506e-157
1.226581e+01 2.271710e-156
1.236574e+01 1.492937e-155
1.246566e+01 9.762519e-155
1.256559e+01 6.352053e-154
1.266551e+01 4.112426e-153
1.276544e+01 2.649194e-152
1.286536e+01 1.698093e-151
1.296529e+01 1.083031e-150
1.306521e+01 6.873086e-150
1.316514e+01 4.340050e-149
1.326506e+01 2.726901e-148
1.336499e+01 1.704809e-147
1.346491e+01 1.060515e-146
1.356484e+01 6.564273e-146
1.366476e+01 4.042858e-145
1.376469e+01 2.477548e-144
1.386461e+01 1.510732e-143
1.396454e+01 9.166101e-143
1.406446e+01 5.533674e-142
1.416439e+01 3.324102e-141
1.426431e+01 1.986858e-140
1.436424e+01 1.181656e-139
1.446416e+01 6.992738e-139
1.456409e+01 4.117514e-138
1.466401e+01 2.412430e-137
1.476394e+01 1.406391e-136
1.486386e+01 8.158108e-136
1.496379e+01 4.708764e-135
1.506371e+01 2.704293e-134
1.516364e+01 1.545369e-133
1.526356e+01 8.787040e-133
1.536349e+01 4.971469e-132
1.546341e+01 2.798715e-131
1.556334e+01 1.567705e-130
1.566326e+01 8.737797e-130
1.576319e+01 4.845864e-129
1.586311e+01 2.674067e-128
1.596304e+01 1.468275e-127
1.606296e+01 8.021806e-127
1.616289e+01 4.360824e-126
1.626281e+01 2.358831e-125
1.636274e+01 1.269570e-124
1.646266e+01 6.799055e-124
1.656259e+01 3.623031e-123
1.666251e+01 1.921000e-122
1.676244e+01 1.013479e-121
1.686236e+01 5.320296e-121
1.696229e+01 2.778987e-120
1.706221e+01 1.444338e-119
1.716214e+01 7.469357e-119
1.726206e+01 3.843521e-118
1.736199e+01 1.967918e-117
1.746191e+01 1.002575e-116
1.756184e+01 5.082301e-116
1.766176e+01 2.563501e-115
1.776169e+01 1.286585e-114
1.786161e+01 6.425032e-114
1.796154e+01 3.192595e-113
1.806146e+01 1.578498e-112
1.816139e+01 7.765622e-112
1.826131e+01 3.801389e-111
1.836124e+01 1.851561e-110
1.846116e+01 8.973574e-110
1.856109e+01 4.327376e-109
1.866101e+01 2.076422e-108
1.876094e+01 9.913762e-108
1.886086e+01 4.709698e-107
1.896079e+01 2.226289e-106
1.906071e+01 1.047128e-105
1.916064e+01 4.900605e-105
1.926056e+01 2.282083e-104
1.936049e+01 1.057414e-103
1.946041e+01 4.875175e-103
1.956034e+01 2.236503e-102
1.966026e+01 1.020888e-101
1.976019e+01 4.636806e-101
1.986011e+01 2.095518e-100
1.996004e+01 9.423138e-100
2.005996e+01 4.216300e-99
2.015989e+01 1.877160e-98
2.025981e+01 8.315741e-98
2.035974e+01 3.665492e-97
2.045966e+01 1.607665e-96
2.055959e+01 7.016012e-96
2.065951e+01 3.046611e-95
2.075944e+01 1.316369e-94
2.085936e+01 5.659366e-94
2.095929e+01 2.420973e-93
2.105921e+01 1.030490e-92
2.115914e+01 4.364448e-92
2.125906e+01 1.839275e-91
2.135899e+01 7.712548e-91
2.145891e+01 3.217947e-90
2.155884e+01 1.335954e-89
2.165876e+01 5.518692e-89
2.175869e+01 2.268362e-88
2.185861e+01 9.277278e-88
2.195854e+01 3.775395e-87
2.205846e+01 1.528741e-86
2.215839e+01 6.159387e-86
2.225831e+01 2.469294e-85
2.235824e+01 9.850080e-85
2.245816e+01 3.909673e-84
2.255809e+01 1.544084e-83
2.265801e+01 6.067830e-83
2.275794e+01 2.372617e-82
2.285786e+01 9.231101e-82
2.295779e+01 3.573659e-81
2.305771e+01 1.376584e-80
2.315764e+01 5.276232e-80
2.325756e+01 2.012227e-79
2.335749e+01 7.635928e-79
2.345741e+01 2.883225e-78
2.355734e+01 1.083250e-77
2.365726e+01 4.049570e-77
2.375719e+01 1.506333e-76
2.385711e+01 5.575254e-76
2.395704e+01 2.053242e-75
2.405696e+01 7.524010e-75
2.415689e+01 2.743396e-74
2.425681e+01 9.953124e-74
2.435674e+01 3.593040e-73
2.445666e+01 1.290615e-72
2.455659e+01 4.612800e-72
2.465651e+01 1.640449e-71
2.475644e+01 5.804869e-71
2.485636e+01 2.043874e-70
2.495629e+01 7.160568e-70
2.505621e+01 2.496171e-69
2.515614e+01 8.658274e-69
2.525606e+01 2.988272e-68
2.535599e+01 1.026220e-67
2.545591e+01 3.506654e-67
2.555584e+01 1.192281e-66
2.565576e+01 4.033616e-66
2.575569e+01 1.357820e-65
2.585561e+01 4.548013e-65
2.595554e+01 1.515769e-64
2.605546e+01 5.026637e-64
2.615539e+01 1.658641e-63
2.625531e+01 5.445765e-63
2.635524e+01 1.779087e-62
2.645516e+01 5.783211e-62
2.655509e+01 1.870557e-61
2.665501e+01 6.020114e-61
2.675494e+01 1.927836e-60
2.685486e+01 6.142815e-60
2.695479e+01 1.947593e-59
2.705471e+01 6.144110e-59
2.715464e+01 1.928642e-58
2.725456e+01 6.023876e-58
2.735449e+01 1.872114e-57
2.745441e+01 5.789242e-57
2.755434e+01 1.781318e-56
2.765426e+01 5.453722e-56
2.775419e+01 1.661408e-55
2.785411e+01 5.036067e-55
2.795404e+01 1.518937e-54
2.805396e+01 4.558464e-54
2.815389e+01 1.361222e-53
2.825381e+01 4.044560e-53
2.835374e+01 1.195768e-52
2.845366e+01 3.517650e-52
2.855359e+01 1.029651e-51
2.865351e+01 2.998883e-51
2.875344e+01 8.690820e-51
2.885336e+01 2.506081e-50
2.895329e+01 7.190513e-50
2.905321e+01 2.052846e-49
2.915314e+01 5.831559e-49
2.925306e+01 1.648338e-48
2.935299e+01 4.635943e-48
2.945291e+01 1.297364e-47
2.955284e+01 3.612577e-47
2.965276e+01 1.000932e-46
2.975269e+01 2.759464e-46
2.985261e+01 7.569645e-46
2.995254e+01 2.066132e-45
3.005246e+01 5.611416e-45
3.015239e+01 1.516422e-44
3.025231e+01 4.077536e-44
3.035224e+01 1.090957e-43
3.045216e+01 2.904351e-43
3.055209e+01 7.693470e-43
3.065201e+01 2.027817e-42
3.075194e+01 5.318210e-42
3.085186e+01 1.387823e-41
3.095179e+01 3.603583e-41
3.105171e+01 9.310393e-41
3.115164e+01 2.393492e-40
3.125156e+01 6.122485e-40
3.135149e+01 1.558315e-39
3.145141e+01 3.946522e-39
3.155134e+01 9.945049e-39
3.165127e+01 2.493617e-38
3.175119e+01 6.221348e-38
3.185112e+01 1.544448e-37
3.195104e+01 3.814985e-37
3.205097e+01 9.376572e-37
3.215089e+01 2.293122e-36
3.225082e+01 5.580099e-36
3.235074e+01 1.351065e-35
3.245066e+01 3.255027e-35
3.255059e+01 7.803057e-35
3.265051e+01 1.861259e-34
3.275044e+01 4.417539e-34
3.285037e+01 1.043244e-33
3.295029e+01 2.451451e-33
3.305022e+01 5.731815e-33
3.315014e+01 1.333500e-32
3.325007e+01 3.086921e-32
3.334999e+01 7.110331e-32
3.344992e+01 1.629618e-31
3.354984e+01 3.716326e-31
3.364976e+01 8.432613e-31
3.374969e+01 1.903942e-30
3.384962e+01 4.277371e-30
3.394954e+01 9.561630e-30
3.404947e+01 2.126761e-29
3.414939e+01 4.706925e-29
3.424932e+01 1.036544e-28
3.434924e+01 2.271275e-28
3.444917e+01 4.952034e-28
3.454909e+01 1.074309e-27
3.464902e+01 2.319032e-27
3.474894e+01 4.980992e-27
3.484887e+01 1.064527e-26
3.494879e+01 2.263702e-26
3.504872e+01 4.789870e-26
3.514864e+01 1.008463e-25
3.524857e+01 2.112653e-25
3.534849e+01 4.403805e-25
3.544842e+01 9.133974e-25
3.554834e+01 1.885051e-24
3.564827e+01 3.870957e-24
3.574819e+01 7.909433e-24
3.584812e+01 1.608067e-23
3.594804e+01 3.253079e-23
3.604797e+01 6.548124e-23
3.614789e+01 1.311508e-22
3.624782e+01 2.613649e-22
3.634774e+01 5.182806e-22
3.644767e+01 1.022620e-21
3.654759e+01 2.007685e-21
3.664752e+01 3.922009e-21
3.674744e+01 7.623481e-21
3.684737e+01 1.474449e-20
3.694729e+01 2.837515e-20
3.704722e+01 5.433482e-20
3.714714e+01 1.035261e-19
3.724707e+01 1.962699e-19
3.734699e+01 3.702449e-19
3.744692e+01 6.949542e-19
3.754684e+01 1.297916e-18
3.764677e+01 2.412000e-18
3.774669e+01 4.460051e-18
3.784662e+01 8.206049e-18
3.794654e+01 1.502312e-17
3.804647e+01 2.736642e-17
3.814639e+01 4.960296e-17
3.824632e+01 8.946002e-17
3.834624e+01 1.605396e-16
3.844617e+01 2.866600e-16
3.854609e+01 5.093119e-16
3.864602e+01 9.003933e-16
3.874594e+01 1.583844e-15
3.884587e+01 2.772151e-15
3.894579e+01 4.827927e-15
3.904572e+01 8.366355e-15
3.914564e+01 1.442593e-14
3.924557e+01 2.475044e-14
3.934549e+01 4.225264e-14
3.944542e+01 7.177224e-14
3.954534e+01 1.213084e-13
3.964527e+01 2.040127e-13
3.974519e+01 3.413935e-13
3.984512e+01 5.684406e-13
3.994504e+01 9.417738e-13
4.004497e+01 1.552530e-12
4.014489e+01 2.546585e-12
4.024482e+01 4.156380e-12
4.034474e+01 6.750002e-12
4.044467e+01 1.090748e-11
4.054459e+01 1.753786e-11
4.064452e+01 2.805826e-11
4.074444e+01 4.466594e-11
4.084437e+01 7.074961e-11
4.094429e+01 1.115073e-10
4.104422e+01 1.748697e-10
4.114415e+01 2.728710e-10
4.124407e+01 4.236743e-10
4.134400e+01 6.545435e-10
4.144392e+01 1.006169e-09
4.154384e+01 1.539008e-09
4.164377e+01 2.342301e-09
4.174369e+01 3.547123e-09
4.184362e+01 5.344924e-09
4.194354e+01 8.013804e-09
4.204347e+01 1.195550e-08
4.214339e+01 1.774713e-08
4.224332e+01 2.621324e-08
4.234325e+01 3.852520e-08
4.244317e+01 5.633793e-08
4.254310e+01 8.197636e-08
4.264302e+01 1.186884e-07
4.274295e+01 1.709856e-07
4.284287e+01 2.450968e-07
4.294279e+01 3.495847e-07
4.304272e+01 4.961342e-07
4.314264e+01 7.006120e-07
4.324257e+01 9.844367e-07
4.334250e+01 1.376353e-06
4.344242e+01 1.914712e-06
4.354235e+01 2.650386e-06
4.364227e+01 3.650450e-06
4.374220e+01 5.002827e-06
4.384212e+01 6.822072e-06
4.394205e+01 9.256545e-06
4.404197e+01 1.249722e-05
4.414189e+01 1.678825e-05
4.424182e+01 2.244054e-05
4.434174e+01 2.984648e-05
4.444167e+01 3.949887e-05
4.454160e+01 5.201253e-05
4.464152e+01 6.814956e-05
4.474145e+01 8.884847e-05
4.484137e+01 1.152573e-04
4.494130e+01 1.487712e-04
4.504122e+01 1.910738e-04
4.514115e+01 2.441828e-04
4.524107e+01 3.104994e-04
4.534100e+01 3.928604e-04
4.544092e+01 4.945889e-04
4.554085e+01 6.195629e-04
4.564077e+01 7.722507e-04
4.574070e+01 9.577737e-04
4.584062e+01 1.181951e-03
4.594055e+01 1.451334e-03
4.604047e+01 1.773240e-03
4.614040e+01 2.155754e-03
4.624032e+01 2.607730e-03
4.634025e+01 3.138758e-03
4.644017e+01 3.759109e-03
4.654010e+01 4.479646e-03
4.664002e+01 5.311709e-03
4.673995e+01 6.266923e-03
4.683987e+01 7.357132e-03
4.693980e+01 8.593984e-03
4.703972e+01 9.988775e-03
4.713965e+01 1.155212e-02
4.723957e+01 1.329361e-02
4.733950e+01 1.522145e-02
4.743942e+01 1.734207e-02
4.753935e+01 1.965972e-02
4.763927e+01 2.217613e-02
4.773920e+01 2.489006e-02
4.783912e+01 2.779699e-02
4.793905e+01 3.088883e-02
4.803897e+01 3.415363e-02
4.813890e+01 3.757533e-02
4.823882e+01 4.113409e-02
4.833875e+01 4.480564e-02
4.843867e+01 4.856185e-02
4.853860e+01 5.237085e-02
4.863852e+01 5.619734e-02
4.873845e+01 6.000310e-02
4.883837e+01 6.374752e-02
4.893830e+01 6.738834e-02
4.903822e+01 7.088233e-02
4.913815e+01 7.418617e-02
4.923807e+01 7.725734e-02
4.933800e+01 8.005496e-02
4.943792e+01 8.254070e-02
4.953785e+01 8.467989e-02
4.963777e+01 8.644188e-02
4.973770e+01 8.780109e-02
4.983762e+01 8.873753e-02
4.993755e+01 8.923733e-02
5.003747e+01 8.929303e-02
5.013740e+01 8.890380e-02
5.023732e+01 8.807545e-02
5.033725e+01 8.682028e-02
5.043717e+01 8.515678e-02
5.053710e+01 8.310920e-02
5.063703e+01 8.070691e-02
5.073695e+01 7.798384e-02
5.083687e+01 7.497731e-02
5.093680e+01 7.172769e-02
5.103672e+01 6.827719e-02
5.113665e+01 6.466900e-02
5.123657e+01 6.094646e-02
5.133650e+01 5.715215e-02
5.143642e+01 5.332716e-02
5.153635e+01 4.951036e-02
5.163628e+01 4.573782e-02
5.173620e+01 4.204232e-02
5.183613e+01 3.845294e-02
5.193605e+01 3.499486e-02
5.203598e+01 3.168916e-02
5.213590e+01 2.855292e-02
5.223582e+01 2.559886e-02
5.233575e+01 2.283613e-02
5.243567e+01 2.027011e-02
5.253560e+01 1.790282e-02
5.263552e+01 1.573326e-02
5.273545e+01 1.375776e-02
5.283538e+01 1.197039e-02
5.293530e+01 1.036337e-02
5.303523e+01 8.927403e-03
5.313515e+01 7.652109e-03
5.323508e+01 6.526329e-03
5.333500e+01 5.538454e-03
5.343492e+01 4.676730e-03
5.353485e+01 3.929393e-03
5.363477e+01 3.285038e-03
5.373470e+01 2.732670e-03
5.383462e+01 2.261860e-03
5.393455e+01 1.862842e-03
5.403448e+01 1.526574e-03
5.413440e+01 1.244778e-03
5.423433e+01 1.009944e-03
5.433425e+01 8.153324e-04
5.443418e+01 6.549435e-04
5.453410e+01 5.234856e-04
5.463403e+01 4.163297e-04
5.473395e+01 3.294618e-04
5.483387e+01 2.594188e-04
5.493380e+01 2.032495e-04
5.503373e+01 1.584489e-04
5.513365e+01 1.229082e-04
5.523358e+01 9.486462e-05
5.533350e+01 7.285500e-05
5.543343e+01 5.567321e-05
5.553335e+01 4.233163e-05
5.563328e+01 3.202694e-05
5.573320e+01 2.411002e-05
5.583313e+01 1.805975e-05
5.593305e+01 1.346038e-05
5.603298e+01 9.982399e-06
5.613290e+01 7.366284e-06
5.623283e+01 5.408659e-06
5.633275e+01 3.951505e-06
5.643268e+01 2.872548e-06
5.653260e+01 2.077800e-06
5.663253e+01 1.495450e-06
5.673245e+01 1.070957e-06
5.683238e+01 7.631391e-07
5.693230e+01 5.410872e-07
5.703223e+01 3.817355e-07
5.713215e+01 2.679721e-07
5.723208e+01 1.871753e-07
5.733200e+01 1.300886e-07
5.743193e+01 8.996356e-08
5.753185e+01 6.190431e-08
5.763178e+01 4.238448e-08
5.773170e+01 2.887518e-08
5.783163e+01 1.957376e-08
5.793155e+01 1.320248e-08
5.803148e+01 8.860712e-09
5.813140e+01 5.917163e-09
5.823133e+01 3.931788e-09
5.833125e+01 2.599552e-09
5.843118e+01 1.710168e-09
5.853110e+01 1.119465e-09
5.863103e+01 7.291458e-10
5.873095e+01 4.725589e-10
5.883088e+01 3.047356e-10
5.893080e+01 1.955340e-10
5.903073e+01 1.248398e-10
5.913065e+01 7.930779e-11
5.923058e+01 5.013145e-11
5.933050e+01 3.153091e-11
5.943043e+01 1.973306e-11
5.953035e+01 1.228808e-11
5.963028e+01 7.613874e-12
5.973020e+01 4.694171e-12
5.983013e+01 2.879678e-12
5.993005e+01 1.757765e-12
6.002998e+01 1.067602e-12
6.012990e+01 6.452035e-13
6.022983e+01 3.879796e-13
6.032975e+01 2.321416e-13
6.042968e+01 1.382065e-13
6.052960e+01 8.187214e-14
6.062953e+01 4.825868e-14
6.072945e+01 2.830391e-14
6.082938e+01 1.651769e-14
6.092930e+01 9.591441e-15
6.102923e+01 5.541792e-15
6.112916e+01 3.186019e-15
6.122908e+01 1.822545e-15
6.132901e+01 1.037385e-15
6.142893e+01 5.875452e-16
6.152885e+01 3.311056e-16
6.162878e+01 1.856623e-16
6.172870e+01 1.035887e-16
6.182863e+01 5.750864e-17
6.192855e+01 3.176768e-17
6.202848e+01 1.746102e-17
6.212840e+01 9.549607e-18
6.222833e+01 5.196766e-18
6.232826e+01 2.813926e-18
6.242818e+01 1.516086e-18
6.252811e+01 8.127685e-19
6.262803e+01 4.335525e-19
6.272796e+01 2.301167e-19
6.282788e+01 1.215333e-19
6.292780e+01 6.386538e-20
6.302773e+01 3.339392e-20
6.312765e+01 1.737405e-20
6.322758e+01 8.994284e-21
6.332751e+01 4.633016e-21
6.342743e+01 2.374613e-21
6.352736e+01 1.211026e-21
6.362728e+01 6.145344e-22
6.372721e+01 3.102919e-22
6.382713e+01 1.558930e-22
6.392706e+01 7.793175e-23
6.402698e+01 3.876449e-23
6.412690e+01 1.918648e-23
6.422683e+01 9.448840e-24
6.432675e+01 4.630133e-24
6.442668e+01 2.257565e-24
6.452661e+01 1.095264e-24
6.462653e+01 5.287242e-25
6.472646e+01 2.539635e-25
6.482638e+01 1.213794e-25
6.492631e+01 5.772325e-26
6.502623e+01 2.731418e-26
6.512616e+01 1.286049e-26
6.522608e+01 6.025018e-27
6.532601e+01 2.808608e-27
6.542593e+01 1.302733e-27
6.552586e+01 6.012603e-28
6.562578e+01 2.761154e-28
6.572571e+01 1.261684e-28
6.582563e+01 5.736437e-29
6.592556e+01 2.595169e-29
6.602548e+01 1.168210e-29
6.612541e+01 5.232482e-30
6.622533e+01 2.331989e-30
6.632526e+01 1.034134e-30
6.642518e+01 4.563093e-31
6.652511e+01 2.003426e-31
6.662503e+01 8.752239e-32
6.672496e+01 3.804493e-32
6.682488e+01 1.645575e-32
6.692481e+01 7.082049e-33
6.702473e+01 3.032717e-33
6.712466e+01 1.292221e-33
6.722458e+01 5.478645e-34
6.732451e+01 2.311221e-34
6.742443e+01 9.701559e-35
6.752436e+01 4.052037e-35
6.762428e+01 1.683980e-35
6.772421e+01 6.963576e-36
6.782413e+01 2.865230e-36
6.792406e+01 1.173055e-36
6.802398e+01 4.778692e-37
6.812391e+01 1.937064e-37
6.822383e+01 7.812649e-38
6.832376e+01 3.135338e-38
6.842368e+01 1.251994e-38
6.852361e+01 4.974528e-39
6.862353e+01 1.966678e-39
6.872346e+01 7.736533e-40
6.882338e+01 3.028247e-40
6.892331e+01 1.179419e-40
6.902323e+01 4.570634e-41
6.912316e+01 1.762449e-41
6.922308e+01 6.762211e-42
6.932301e+01 2.581621e-42
6.942293e+01 9.806816e-43
6.952286e+01 3.706882e-43
6.962278e+01 1.394145e-43
6.972271e+01 5.217217e-44
6.982263e+01 1.942682e-44
6.992256e+01 7.197739e-45
7.002248e+01 2.653520e-45
7.012241e+01 9.733753e-46
7.022233e+01 3.552795e-46
7.032226e+01 1.290303e-46
7.042218e+01 4.662781e-47
7.052211e+01 1.676602e-47
7.062204e+01 5.998560e-48
7.072196e+01 2.135481e-48
7.082188e+01 7.564677e-49
7.092181e+01 2.666261e-49
7.102173e+01 9.350755e-50
7.112166e+01 3.263041e-50
7.122158e+01 1.133000e-50
7.132151e+01 3.914438e-51
7.142143e+01 1.345676e-51
7.152136e+01 4.603025e-52
7.162128e+01 1.566672e-52
7.172121e+01 5.305721e-53
7.182114e+01 1.787898e-53
7.192106e+01 5.994771e-54
7.202099e+01 2.000020e-54
7.212091e+01 6.639385e-55
7.222083e+01 2.193151e-55
7.232076e+01 7.208179e-56
7.242068e+01 2.357298e-56
7.252061e+01 7.670702e-57
7.262053e+01 2.483634e-57
7.272046e+01 8.001506e-58
7.282039e+01 2.565002e-58
7.292031e+01 8.181547e-59
7.302024e+01 2.596659e-59
7.312016e+01 8.200234e-60
7.322009e+01 2.576732e-60
7.332001e+01 8.056458e-61
7.341994e+01 2.506402e-61
7.351986e+01 7.758993e-62
7.361978e+01 2.389877e-62
7.371971e+01 7.324492e-63
7.381963e+01 2.233630e-63
7.391956e+01 6.777614e-64
7.401949e+01 2.046323e-64
7.411941e+01 6.147565e-65
7.421934e+01 1.837655e-65
7.431926e+01 5.465836e-66
7.441919e+01 1.617637e-66
7.451911e+01 4.763620e-67
7.461904e+01 1.395806e-67
7.471896e+01 4.069535e-68
7.481889e+01 1.180582e-68
7.491881e+01 3.407977e-69
7.501874e+01 9.788400e-70
7.511866e+01 2.797426e-70
7.521859e+01 7.954945e-71
7.531851e+01 2.250855e-71
7.541844e+01 6.337088e-72
7.551836e+01 1.775267e-72
7.561829e+01 4.948452e-73
7.571821e+01 1.372483e-73
7.581814e+01 3.787704e-74
7.591806e+01 1.040105e-74
7.601799e+01 2.841907e-75
7.611791e+01 7.726351e-76
7.621784e+01 2.090205e-76
7.631776e+01 5.626224e-77
7.641769e+01 1.506874e-77
7.651761e+01 4.015768e-78
7.661754e+01 1.064859e-78
7.671746e+01 2.809619e-79
7.681739e+01 7.376229e-80
7.691731e+01 1.926873e-80
7.701724e+01 5.008455e-81
7.711716e+01 1.295347e-81
7.721709e+01 3.333498e-82
7.731701e+01 8.535836e-83
7.741694e+01 2.174822e-83
7.751686e+01 5.513573e-84
7.761679e+01 1.390892e-84
7.771671e+01 3.491133e-85
7.781664e+01 8.719092e-86
7.791656e+01 2.166745e-86
7.801649e+01 5.357672e-87
7.811641e+01 1.318185e-87
7.821634e+01 3.227068e-88
7.831626e+01 7.860892e-89
7.841619e+01 1.905317e-89
7.851611e+01 4.595094e-90
7.861604e+01 1.102690e-90
7.871596e+01 2.632959e-91
7.881589e+01 6.255567e-92
7.891581e+01 1.478907e-92
7.901574e+01 3.478781e-93
7.911566e+01 8.142259e-94
7.921559e+01 1.896246e-94
7.931551e+01 4.394162e-95
7.941544e+01 1.013186e-95
7.951536e+01 2.324525e-96
7.961529e+01 5.306534e-97
7.971521e+01 1.205367e-97
7.981514e+01 2.724330e-98
7.991506e+01 6.126774e-99
8.001499e+01 1.370994e-99
8.011492e+01 3.052610e-100
8.021484e+01 6.762988e-101
8.031476e+01 1.490935e-101
8.041469e+01 3.270316e-102
8.051461e+01 7.137604e-103
8.061454e+01 1.550055e-103
8.071446e+01 3.349448e-104
8.081439e+01 7.201639e-105
8.091431e+01 1.540711e-105
8.101424e+01 3.279766e-106
8.111417e+01 6.946983e-107
8.121409e+01 1.464136e-107
8.131402e+01 3.070424e-108
8.141394e+01 6.406886e-109
8.151387e+01 1.330232e-109
8.161379e+01 2.748284e-110
8.171371e+01 5.649443e-111
8.181364e+01 1.155531e-111
8.191356e+01 2.351739e-112
8.201349e+01 4.762429e-113
8.211341e+01 9.596208e-114
8.221334e+01 1.923989e-114
8.231327e+01 3.838286e-115
8.241319e+01 7.619102e-116
8.251312e+01 1.504880e-116
8.261304e+01 2.957550e-117
8.271297e+01 5.783541e-118
8.281289e+01 1.125349e-118
8.291282e+01 2.178777e-119
8.301274e+01 4.197518e-120
8.311266e+01 8.046028e-121
8.321259e+01 1.534625e-121
8.331252e+01 2.912425e-122
8.341244e+01 5.499700e-123
8.351237e+01 1.033368e-123
8.361229e+01 1.931981e-124
8.371222e+01 3.594036e-125
8.381214e+01 6.652636e-126
8.391207e+01 1.225284e-126
8.401199e+01 2.245493e-127
8.411192e+01 4.094665e-128
8.421184e+01 7.429453e-129
8.431176e+01 1.341377e-129
8.441169e+01 2.409643e-130
8.451162e+01 4.307116e-131
8.461154e+01 7.660412e-132
8.471147e+01 1.355656e-132
8.481139e+01 2.387144e-133
8.491132e+01 4.182534e-134
8.501124e+01 7.291757e-135
8.511117e+01 1.264901e-135
8.521109e+01 2.183297e-136
8.531102e+01 3.749737e-137
8.541094e+01 6.407971e-138
8.551087e+01 1.089612e-138
8.561079e+01 1.843552e-139
8.571072e+01 3.103810e-140
8.581064e+01 5.199265e-141
8.591057e+01 8.666039e-142
8.601049e+01 1.437246e-142
8.611042e+01 2.371774e-143
8.621034e+01 3.894460e-144
8.631027e+01 6.362870e-145
8.641019e+01 1.034405e-145
8.651012e+01 1.673246e-146
8.661004e+01 2.693152e-147
8.670997e+01 4.313142e-148
8.680989e+01 6.873190e-149
8.690982e+01 1.089820e-149
8.700974e+01 1.719525e-150
8.710967e+01 2.699408e-151
8.720959e+01 4.216579e-152
8.730952e+01 6.553658e-153
8.740944e+01 1.013536e-153
8.750937e+01 1.559646e-154
8.760929e+01 2.388059e-155
8.770922e+01 3.638276e-156
8.780914e+01 5.515413e-157
8.790907e+01 8.319403e-158
8.800899e+01 1.248642e-158
8.810892e+01 1.864729e-159
8.820884e+01 2.770928e-160
8.830877e+01 4.097005e-161
8.840869e+01 6.027901e-162
8.850862e+01 8.824110e-163
8.860854e+01 1.285309e-163
8.870847e+01 1.862842e-164
8.880839e+01 2.686434e-165
8.890832e+01 3.854855e-166
8.900824e+01 5.503916e-167
8.910817e+01 7.819289e-168
8.920809e+01 1.105337e-168
8.930802e+01 1.554725e-169
8.940794e+01 2.175927e-170
8.950787e+01 3.030169e-171
8.960780e+01 4.198762e-172
8.970772e+01 5.789416e-173
8.980764e+01 7.942418e-174
8.990757e+01 1.084183e-174
9.000749e+01 1.472597e-175
9.010742e+01 1.990202e-176
9.020734e+01 2.676346e-177
9.030727e+01 3.581122e-178
9.040719e+01 4.767905e-179
9.050712e+01 6.316376e-180
9.060705e+01 8.326071e-181
9.070697e+01 1.092054e-181
9.080690e+01 1.425213e-182
9.090682e+01 1.850747e-183
9.100675e+01 2.391367e-184
9.110667e+01 3.074721e-185
9.120659e+01 3.933403e-186
9.130652e+01 5.006832e-187
9.140644e+01 6.341462e-188
9.150637e+01 7.991854e-189
9.160629e+01 1.002161e-189
9.170622e+01 1.250429e-190
9.180615e+01 1.552432e-191
9.190607e+01 1.917775e-192
9.200600e+01 2.357299e-193
9.210592e+01 2.883125e-194
9.220585e+01 3.508682e-195
9.230577e+01 4.248702e-196
9.240569e+01 5.119525e-197
9.250562e+01 6.137699e-198
9.260554e+01 7.321722e-199
9.270547e+01 8.690659e-200
9.280540e+01 1.026417e-200
9.290532e+01 1.206221e-201
9.300525e+01 1.410463e-202
9.310517e+01 1.641074e-203
9.320510e+01 1.899882e-204
9.330502e+01 2.188551e-205
9.340495e+01 2.508525e-206
9.350487e+01 2.860962e-207
9.360480e+01 3.246665e-208
9.370472e+01 3.666018e-209
9.380464e+01 4.119209e-210
9.390457e+01 4.605052e-211
9.400450e+01 5.122561e-212
9.410442e+01 5.669848e-213
9.420435e+01 6.244354e-214
9.430427e+01 6.842824e-215
9.440420e+01 7.461308e-216
9.450412e+01 8.095178e-217
9.460405e+01 8.739157e-218
9.470397e+01 9.387382e-219
9.480390e+01 1.003347e-219
9.490382e+01 1.067062e-220
9.500375e+01 1.129172e-221
9.510367e+01 1.189031e-222
9.520360e+01 1.245739e-223
9.530352e+01 1.298651e-224
9.540345e+01 1.347070e-225
9.550337e+01 1.390334e-226
9.560330e+01 1.427842e-227
9.570322e+01 1.459059e-228
9.580315e+01 1.483534e-229
9.590307e+01 1.500906e-230
9.600300e+01 1.510921e-231
9.610292e+01 1.513427e-232
9.620285e+01 1.508388e-233
9.630277e+01 1.495879e-234
9.640270e+01 1.476085e-235
9.650262e+01 1.449407e-236
9.660255e+01 1.416019e-237
9.670247e+01 1.376511e-238
9.680240e+01 1.331441e-239
9.690232e+01 1.281433e-240
9.700225e+01 1.227162e-241
9.710217e+01 1.169336e-242
9.720210e+01 1.108687e-243
9.730202e+01 1.045948e-244
9.740195e+01 9.818447e-246
9.750187e+01 9.170805e-247
9.760180e+01 8.523224e-248
9.770172e+01 7.881922e-249
9.780165e+01 7.252573e-250
9.790157e+01 6.640747e-251
9.800150e+01 6.049793e-252
9.810142e+01 5.483981e-253
9.820135e+01 4.946329e-254
9.830127e+01 4.439172e-255
9.840120e+01 3.964173e-256
9.850112e+01 3.522371e-257
9.860105e+01 3.114220e-258
9.870097e+01 2.739651e-259
9.880090e+01 2.398132e-260
9.890083e+01 2.088731e-261
9.900075e+01 1.810189e-262
9.910068e+01 1.560979e-263
9.920060e+01 1.339479e-264
9.930052e+01 1.143596e-265
9.940045e+01 9.714958e-267
9.950037e+01 8.211852e-268
9.960030e+01 6.906740e-269
9.970022e+01 5.780121e-270
9.980015e+01 4.813184e-271
9.990007e+01 3.988042e-272
